7.646873945403624973e-01
3.339945508487786596e-01
8.972644712048802873e-01
-1.264145210890921245e-01
9.911073843449901277e-01
-4.275325271383361159e-01
-9.462086459482889067e-01
-5.631616269532514485e-01
2.121624033971098444e-01
-4.235658533865163111e-01
-8.283238006379803897e-01
7.855184727465122640e-02
-1.043324306088377618e-01
3.038067882188122404e-01
9.626226834208416738e-01
6.502023207558734752e-01
-5.928016683451443614e-01
-7.510710203999528822e-01
-4.597909477806212397e-01
9.202874668755907095e-01
-3.564238341908657626e-01
6.277599745750835902e-01
-8.265773808786125443e-01
-4.121283557231386618e-02
-2.311438902443707366e-01
3.655293879884975450e-01
-5.808224441227909374e-01
8.082320495368053859e-01
9.630982055759520488e-01
6.206348247434558818e-01
1.727298621023770075e-01
-3.536787982422321952e-01
-3.939393450189311308e-01
-2.270354144583310863e-01
-7.769217112268627101e-01
8.435555775169250037e-01
-5.851884916048413210e-01
-1.721796847496404048e-01
8.279824083135132184e-01
-8.779281572874146899e-01
3.047449636575733090e-01
-1.411222021146121830e-02
2.954019876035327563e-01
2.650961626830957152e-01
-7.208434053221319804e-01
6.071252811359793000e-01
9.561106583214822319e-01
7.175912761737038847e-01
9.083098023405085097e-01
5.867123939735805482e-01
7.367021314040222979e-01
7.153467395805167550e-01
6.479647054924988492e-01
-4.790770783563230162e-01
-4.467705044536648407e-01
2.806321917994776260e-01
8.792673552024063977e-01
-3.675683797170428146e-01
-2.069625292698542285e-01
8.712151378986502381e-01
7.870297838333013551e-01
-2.305162838924997848e-01
-1.954153871144141408e-01
-6.077203364534514707e-01
1.830814799742225274e-02
6.194216847927789260e-01
4.270693952126374815e-01
9.845507353867186673e-01
5.198120047534292576e-01
-8.695160266556191120e-01
3.510643005988060006e-01
8.422791540336024285e-01
4.286231066998464900e-01
-1.349013046820965178e-01
-3.741094680674438844e-01
-6.056942209360728357e-01
1.696383873123188946e-01
8.743051214009878169e-01
2.906246734322547320e-01
2.702080266024030619e-01
-7.725271899692178756e-01
-1.503321961374909366e-01
9.789030534151541563e-01
-6.676892117955204875e-02
9.032615304299150827e-01
7.365204589341960151e-02
9.593037199953081684e-01
3.049998731019306075e-01
-8.250264212370395089e-01
6.030029941333500121e-01
3.350314925127335641e-01
-8.529599809259313936e-01
-2.218238317446112884e-01
-3.894141279086968388e-01
-3.775865987667808010e-01
-4.925374433485155690e-01
-6.315517246027315679e-01
-6.689093399817251928e-01
8.781433058978117545e-01
3.722455923709439007e-01
-3.278678461543186318e-01
-7.459273015028802245e-01
4.948530219807102393e-01
4.354919451010591525e-01
2.286783759872626220e-01
2.315893401765813930e-01
-6.781073581979866205e-01
5.123535683296224219e-01
-2.076265351934976910e-01
3.836734616861510738e-01
-2.267001243092820195e-01
1.327245897079403492e-01
3.450561365531208402e-01
-1.132563212995925106e-01
-3.580522476018044298e-01
-4.606671884278121243e-01
1.692748025288830505e-01
3.253682394680892376e-01
7.561669925639880052e-01
-7.349295854835867781e-01
-2.792679401498641134e-01
1.520021457072608662e-01
2.906474211972644994e-01
3.632652323276266276e-02
-2.948558708686888075e-02
-3.076762636729640787e-01
-1.386047523326072728e-01
7.690525092291269349e-01
4.101635418604188121e-01
1.978611914871100108e-01
8.541457169753765566e-01
-7.035692824289316305e-02
-2.669142744220709407e-01
-3.644644584458707204e-01
4.961937097334047642e-01
6.481834978620693022e-01
-5.993970429675473666e-01
-1.211321961255824031e-01
-8.836449811981428315e-01
5.064246457997958473e-01
2.959663095833460211e-01
9.084272032214830705e-01
-8.539073081320682768e-01
6.386417797624514003e-01
-6.768071853345832833e-01
6.702670545887784437e-01
-5.506756455544906670e-01
-3.488366875779354559e-01
-7.575407665924043243e-01
-5.747358041032534226e-01
1.605661902802895113e-01
2.581664723629284452e-02
-7.384583455422516485e-01
9.678259415681917943e-01
-5.298675541928089539e-01
4.160020277403077005e-01
4.470613952316880302e-01
-2.059770933876748367e-01
-6.431924641057175096e-01
-4.218555718378457220e-01
-9.030067904865592965e-01
7.564992990368921699e-01
-9.547006783546541087e-01
-4.295369033046303464e-01
-9.208063708741500708e-01
6.636011081025496861e-01
-7.031488891211650216e-01
6.479989758405773070e-01
-9.376197619201491751e-01
-9.509440795090777776e-01
7.467198058078233780e-02
2.974049862876160244e-01
6.969848131048332895e-01
-1.505812834876994188e-01
9.810752783755918305e-01
6.085286970217458347e-01
5.425924415378435839e-01
-4.652587241142008834e-01
-5.061607950504631859e-02
9.935459303828440003e-01
4.288580004924474887e-02
-9.180228143124682383e-01
6.908623285480766096e-01
-9.651961363378547265e-01
-6.525716971283775925e-01
-4.960745989338218309e-01
1.729909373455482680e-01
5.266357919574549129e-02
-9.676568622886672077e-01
-4.158981831005280627e-01
-1.759805209192453757e-01
-5.520189519507184839e-02
3.606624644000443192e-02
8.438894995676804456e-01
-4.720529127851912365e-01
5.162707026341395444e-01
8.979639063392588216e-01
7.734432675283792191e-01
1.030732486664520525e-01
-8.237110106581766455e-01
-5.906049618613169461e-01
-3.646726738197053064e-01
-8.470003787568056719e-01
-9.809336939612620654e-01
8.831448803608024090e-01
9.390998030627458748e-01
9.868332660993996974e-01
-1.916770112503041190e-01
-5.225892686534051590e-01
-2.957933835015619239e-01
-4.934018225663590052e-01
-9.991379073927054710e-01
5.342367369727445414e-01
8.164964999498781906e-02
-5.652281743853582174e-01
-3.351088267359991768e-02
-6.071691835574062335e-01
-2.005355917569237589e-01
8.835563568114471744e-01
-1.936153339836490517e-01
-4.343417379865426309e-01
-4.620716414567067054e-01
8.116251586585583322e-01
4.352303082962206693e-01
4.124322863045749021e-01
4.025192684882620275e-01
4.944777968205084084e-01
-7.765713917405214772e-01
3.315055276353153779e-01
7.560084628524016415e-01
1.226920273839851583e-01
3.317358051456062995e-01
-7.365964816651355829e-01
-6.993527596579569572e-01
-7.578052995552173599e-01
4.493776420984186837e-01
3.317171969489052241e-03
1.127388777510265894e-01
1.255648900391768130e-01
-4.996313522507997984e-01
-5.093908241213922494e-01
-4.406565452428549134e-01
1.044268118392310818e-02
-1.696461943776658154e-01
-8.283236196757804981e-01
7.569749443966542479e-01
-7.526903220830197805e-01
-6.600631750525953745e-02
-1.375107230522293889e-01
-1.676836214036194761e-01
3.537283391807768962e-02
-9.286607702963616262e-01
-2.363707784300750347e-01
3.705969508699426540e-01
1.293907330756229046e-01
7.278058355013389269e-02
2.823115983850379429e-01
-4.136382433206309273e-01
1.057051155851529700e-01
-9.870466889662226073e-01
3.065424920549236210e-01
6.896044916089275612e-01
-1.676647543220771974e-01
4.576425613926741187e-01
-8.365369049946266289e-01
