-7.481192882653927567e-01
-1.069827392265528254e-01
-7.265160633099977394e-01
-8.150706117565486020e-01
9.570959477245707947e-02
2.120496182207302904e-02
-5.678226874656040479e-01
1.242737570573678729e-01
-8.659969932369339096e-01
1.651967603787392047e-01
6.771104011696376102e-01
-3.906621503622478841e-01
5.402703374681373516e-01
5.794345157980320682e-01
-2.528650451604939065e-01
-2.508916783452403987e-01
9.094771496144975487e-01
1.112123876138832734e-01
-3.928501235895517918e-02
-7.962038575091148207e-01
-7.913085727013398074e-01
6.308012313997384268e-01
-9.059400299619531083e-01
-2.457807507486687304e-01
-5.033263947885538991e-01
3.106870644064402276e-01
5.395361736819603848e-01
-7.457979314854521480e-01
-5.800983821817139452e-01
5.045145458176714115e-01
3.134763132833935373e-01
-3.574807034807099271e-01
-8.579512967119792277e-01
-9.873236350274845474e-01
-8.558789661948812411e-02
-9.811364883654275504e-01
-6.829213339624149448e-01
-2.313646634725963214e-01
9.998785059648989115e-01
5.083036168174661640e-01
-6.297625047043973190e-01
5.334138783627278002e-01
-1.846284687155578808e-01
8.123926578568103629e-01
2.159541855907703978e-01
2.597256180202642817e-01
6.542963381697118885e-01
7.948558004035712055e-02
7.443060339412197468e-01
1.499632194546474118e-01
9.118753040541427435e-02
-1.716362386705820309e-01
-7.638671913802551616e-01
9.903379242561948237e-01
-2.405594851223848696e-01
-9.741019504740587587e-02
-9.934623001010496335e-01
-9.798154507332239582e-01
7.162356934371644224e-01
-4.988509744638985888e-01
-5.440175432508138620e-01
3.714192208981760279e-01
-9.352908539108095026e-03
-3.630732521682210612e-01
8.909692817298231482e-02
7.180630270489941624e-01
8.402024320253427270e-01
8.777588328430303566e-01
2.123050077196377283e-01
4.802894624040703331e-01
-6.441235779262644012e-01
-1.935778744265806428e-02
7.289078722205285521e-01
-8.540514906341731827e-01
-3.086355194555449877e-02
-4.156829571315312499e-01
6.856901410794337126e-01
9.107447371080961140e-01
-5.783820063464628625e-01
-2.703582884184587143e-01
-4.502566315293283772e-01
5.146353540238961521e-01
1.608302150225181526e-01
3.707928435940954226e-01
4.915663887791913989e-01
-7.996561321735813355e-01
-2.400263229745937532e-01
5.736733576347680108e-01
7.747431029127778146e-01
3.064714594442446982e-01
3.737666241595531957e-01
-9.425372472882377339e-01
-4.377769098337040976e-01
-5.370071133692422283e-01
-8.999133777885356400e-01
-3.918952153785999482e-01
9.146474221180224129e-01
7.445162251493657735e-01
4.490475317236928277e-01
-9.940717314054019482e-01
4.896649442342192460e-01
-3.621106729723404249e-02
-6.099885977142452953e-01
1.453231845378442633e-01
6.380630419504538242e-01
4.322329350223598210e-01
-8.308616555569174889e-01
-3.422040761163086531e-01
-9.607849290610648296e-01
-8.262330826443489151e-01
-4.953979515175285786e-01
4.605069230147076365e-01
7.923246795228338080e-01
9.534814460711881212e-01
-7.153545070601304845e-01
5.686219555291438521e-01
7.956033815578061885e-01
-6.689371773415474509e-01
6.719421609251868821e-01
9.440623791455593494e-01
-4.112592883551263734e-01
2.435316025494944636e-01
-5.971673783366509003e-01
-7.689643605887015732e-02
8.901395752561231944e-01
-7.181667907719302413e-01
-4.033250968643045664e-02
9.463649075181850279e-01
-7.258251864826256172e-01
6.181544294664722550e-01
-2.985392870422103329e-01
9.621311318767494791e-01
-6.411811204519266560e-01
-5.458388829350196980e-01
4.632602215064426932e-01
-2.881302896273824632e-01
-6.515703938649926030e-01
-3.475641861292446677e-01
1.040601431218121653e-01
7.607649071798510132e-01
-2.365254601151022262e-01
-1.684295651111113457e-01
-5.456043370683306692e-01
-6.482322696861965161e-01
-5.757085952880021118e-01
-4.121947966524610041e-01
4.673813291631232492e-01
9.897374533802523189e-01
-1.996488091508862861e-01
-3.357199150348774697e-01
4.100903085836647977e-01
8.929590507365134933e-01
-9.588963347119903169e-01
-3.711043905430373435e-01
-3.547526801876557112e-01
-1.615140932054470735e-01
-1.004377161698974397e-01
9.795429198199827603e-01
-7.848482217075185563e-01
-4.503033508448384126e-04
5.469799293162285192e-01
-1.684098632873892720e-02
-8.166856637529421592e-01
2.871959678813769401e-02
-9.376949958861413581e-01
-3.455353030905969347e-01
-2.788865468869904940e-01
-4.576332180786456955e-02
-1.224296622475871399e-01
9.849623505297752102e-01
5.996780359555275997e-01
-2.667720369728349139e-01
5.694273737277790737e-01
-2.410946533139940451e-01
8.925804594295779770e-01
5.783265683951523961e-01
2.536657837794303316e-01
-4.177663916287408519e-01
-8.979960706920095959e-01
-4.020679713993134952e-01
6.292204218530818016e-01
-8.059457391062367915e-01
-3.366884317403412430e-01
8.264941220700334767e-01
1.629734934745894759e-01
-5.525671369828031310e-01
-6.314846130858018380e-01
-5.406685450904651358e-01
-8.982996121802706568e-01
-9.645778243347700176e-01
2.628122843614530968e-01
-5.235878903909580995e-01
3.595800473557542176e-02
-9.409735564675382191e-01
9.999700733319388801e-01
5.997172643062538278e-01
-7.848468778584969385e-01
9.561008693943968684e-01
3.403768139993499364e-01
-5.106088820506637926e-01
6.743168559095985559e-03
7.076236414247655260e-01
8.084950561608287289e-01
2.681115945975442449e-01
6.225361423583282150e-01
2.371186281668115903e-01
1.229519291146691229e-02
-4.604689336591598070e-01
7.229322045508698169e-01
-9.896249134826946570e-01
-6.085563987051141321e-01
-4.784261484111513862e-01
9.132496879531042389e-01
3.762751534228361283e-01
-1.036157909591502030e-01
-2.332503308286059673e-01
9.976815069764963795e-01
-5.537871217532538415e-01
3.364196963954971809e-01
7.427181855983058245e-01
5.922830044032150187e-01
-3.923710118926679868e-01
6.322267802832370887e-01
-1.094479139053466249e-02
4.920174389283729077e-01
-9.896907676844610702e-01
5.535826474626555083e-01
2.093091753635505647e-01
-2.168317510075108423e-01
-8.202925275844474839e-01
6.712879562535224442e-01
5.676598788711512134e-01
-1.514274052185664854e-01
2.776823828313707554e-01
-7.311026434125187379e-01
-7.383939404645925020e-01
5.100364847739435881e-02
7.866152375829146282e-01
1.318924677924031008e-01
4.567591193437922081e-01
-7.130599758147483369e-01
5.729282972673144236e-01
-9.470660136183861599e-01
5.738715690790551216e-01
5.922460860616405309e-01
6.183708286545809285e-01
-4.161869866292093878e-01
8.796318732289745146e-01
-5.933343516616407243e-01
8.621851474299740969e-02
-9.881176839326933914e-01
-7.023779279259551034e-01
8.404069864599387207e-01
-3.137193080327279060e-01
-4.906857710089249647e-01
2.663552851463034110e-01
7.578274636932692543e-01
3.037311096860649262e-01
-9.093956564576233248e-03
-5.040625271119527628e-01
5.030698333058181149e-02
-9.143649791840122720e-01
1.224981817531201334e-01
9.899623578034957294e-01
-7.198795240717523747e-01
