1.340989542750081198e-01
-3.217447057000197841e-01
-6.491210002109142341e-01
-2.352456994560742642e-01
5.127195734673779537e-01
-2.738058274295066541e-01
2.815322684413564813e-01
2.299424152952415090e-01
8.705913926169515094e-01
9.545761975800222121e-01
-1.017824078196425397e-01
-2.756531252941009091e-01
-3.108064922272240072e-01
-4.243212374798324138e-01
-4.806412528066861811e-01
-6.397745189913628394e-01
1.000000000000000000e+00
-8.252974049414916191e-01
1.000000000000000000e+00
-4.050450234170439590e-01
8.634351397044148779e-01
7.637523307033484699e-01
-1.140552151570050632e-01
6.448240609851821903e-01
-1.000000000000000000e+00
1.000000000000000000e+00
9.719388976633855926e-01
-3.958045735317876623e-01
4.352207282017777068e-01
8.923201977532126961e-01
-4.054283246876649871e-01
4.378834578619678619e-01
-4.993566612928831971e-01
-1.000000000000000000e+00
3.282130239087044377e-01
-3.177085371591489293e-01
1.000000000000000000e+00
-2.659217288138042701e-01
4.327118528950139598e-01
-2.614863636160267846e-01
-6.275441966801731386e-01
-3.451933732730130128e-02
2.567725919104063559e-01
-7.799159594344048374e-01
4.422440264988544145e-01
-4.475483395933597675e-01
5.598952692787827479e-01
-6.445289985256356102e-01
-4.776955821891906151e-01
1.080780014192278954e-01
-6.253346665691554840e-01
-6.857792501448609079e-02
-4.661316757403854427e-01
-2.165854149182969424e-01
1.000000000000000000e+00
-1.527581219546187419e-01
8.540718562919838441e-02
-8.692922867266846820e-01
1.000000000000000000e+00
-3.961755789074306588e-01
-6.619774343749231793e-01
7.660868826921618524e-01
-7.587792766710623749e-01
8.667740952012289446e-01
4.719572653948032048e-01
-7.596577309649694687e-01
8.764072209122530932e-02
-8.703120105250834460e-01
1.449165408264081467e-01
3.547566376255734122e-01
-3.170600121986886233e-01
-4.768845353842865453e-01
-6.519372534593490531e-01
-1.571608689902699307e-01
1.587543502156137376e-01
-6.892704957407835842e-01
5.206771184207836800e-01
-2.523340537723681165e-01
8.651949957884270681e-01
-5.611444897791331154e-01
-4.826774259957610225e-01
7.705027057203586160e-01
-2.068222072943066148e-01
6.430520174084625173e-01
-8.829041868825102668e-01
-8.938784258403723593e-01
6.095172579890454356e-01
7.663503319669392466e-01
2.898085719044489750e-01
-4.197602680351863458e-01
1.000000000000000000e+00
7.161817626493846012e-01
-8.195944887756251296e-02
-8.529425382398009292e-01
-7.457137725904590120e-01
-9.607599339791563775e-01
1.000000000000000000e+00
6.396809453089428166e-01
-7.727839324876653038e-01
-5.959932424035321308e-01
2.212576846822074950e-01
-1.000000000000000000e+00
3.003627564534742667e-01
-1.203675056101357055e-01
2.060424106121139798e-01
2.139173695228692162e-01
-4.359278659213318696e-01
4.308491725631459213e-01
-1.000000000000000000e+00
-6.223573243677813505e-01
-1.000000000000000000e+00
4.036616955263946371e-01
-2.645857472566480739e-01
-2.430436036065684313e-01
1.000000000000000000e+00
-5.241371676583510553e-01
7.680778747779284377e-01
6.999287734031607311e-01
-4.206898573684436649e-02
1.000000000000000000e+00
8.360634082579857518e-01
-1.517618250526458767e-01
2.857462996134806366e-01
-1.000000000000000000e+00
-1.000000000000000000e+00
-5.267334520528548225e-01
-5.129521560695243787e-02
6.207672621965121262e-01
-4.464777590207414937e-01
-5.365091341644792067e-01
6.582016473094594311e-02
7.763334191789449390e-01
2.138784395056909371e-01
-1.000000000000000000e+00
2.539816977923691765e-01
-2.570462969446988266e-01
9.474763553201236421e-01
9.504048490558093532e-01
1.000000000000000000e+00
-9.524019387866830000e-01
1.000000000000000000e+00
2.366563349981992692e-01
-1.631367730877908429e-02
-1.000000000000000000e+00
-2.804890027798444541e-01
-9.678441639191938117e-01
-2.512587276039164319e-01
5.458699697098310377e-01
8.643983769911074422e-01
-3.826833728276584079e-01
-1.000000000000000000e+00
-7.993305659166235477e-01
9.201093734638401411e-01
1.000000000000000000e+00
1.132722283734663160e-01
1.000000000000000000e+00
-4.106785190108719341e-01
-3.520729750774254097e-02
-3.122575041225588155e-01
-8.080901465063148326e-01
-5.185059200727906159e-01
-1.325617745825680149e-01
-3.262081030032306095e-01
-1.351674380935948827e-01
-4.930312945468235952e-01
-1.484317160476249786e-01
-6.425826873487374691e-01
9.898795055937963383e-01
-3.986101093750941682e-01
-5.344280514824750750e-02
6.389817470845937653e-01
-8.240455192900359993e-01
-5.787754755442797716e-03
7.324518420185897050e-01
8.862101081027208282e-01
9.912540099386982217e-02
5.509555966218504519e-01
7.179887177842347867e-02
1.193823042052321870e-01
6.444211175907799127e-01
-4.222756431414006473e-01
-5.834831392664870942e-01
9.047082462433759797e-01
-6.537073967286660681e-01
3.979877613623057364e-01
-5.486215302241383984e-01
4.077103282760912717e-01
1.825134842412614450e-02
-9.058265952484145789e-01
-8.018050573351800381e-01
-5.053898326093132498e-01
7.082905173145971345e-01
-1.064589783015272018e-01
-8.895050729888815955e-01
-1.000000000000000000e+00
7.361084938667658006e-01
-7.868299103684877061e-01
-8.138950266458979677e-01
-9.116149805782992610e-01
-2.891838886675004439e-01
-5.127915458121958814e-01
-4.516449408903484564e-01
-2.730073139303601515e-01
-4.771856914717253484e-01
-8.358927826404981554e-01
-5.254855874438076890e-01
-2.061614713497980089e-01
-8.649573826948372401e-01
-4.308520974782790725e-01
7.450065704825534763e-01
-6.747940307171711449e-01
2.316268655410178290e-01
-3.243529046570596819e-01
6.740113026622980286e-01
4.146360194503988517e-01
-1.000000000000000000e+00
-7.420947288071269021e-01
2.612231167932363984e-01
8.510314239385228241e-01
-9.043449327761428069e-01
2.854823105189882582e-01
6.422565403598666789e-01
1.704013137788943921e-01
1.000000000000000000e+00
2.808880014486939136e-01
4.369772105805712625e-01
-9.293862044633225405e-01
-8.186236991424649112e-01
1.726730072956101369e-01
7.644686238387417010e-01
-1.000000000000000000e+00
-3.175790216503823205e-01
9.521010385270134435e-02
4.737678217003777337e-01
-1.000000000000000000e+00
-2.533493083659101308e-01
-1.000000000000000000e+00
-8.305082041631817180e-01
1.000000000000000000e+00
7.324561148863030224e-01
7.283324210268415921e-01
-4.869642689568497440e-01
1.000000000000000000e+00
6.909041138088833911e-01
-4.740785709760172439e-01
-5.624380623752440744e-01
9.763867181380954385e-03
3.361267753436329997e-01
1.000000000000000000e+00
3.864270280374253463e-01
-9.892023812505587044e-01
2.563074837695428210e-01
5.779808618482111804e-01
-4.755298653341979431e-01
-9.032878327051131473e-01
-3.077180732141615027e-01
-4.738002173068155409e-01
1.000000000000000000e+00
-5.600379087810123391e-01
-9.961152251002955982e-01
2.258244761403154777e-01
4.743872953446700014e-01
-1.495139598916294110e-01
7.513406396114977182e-02
2.046364761994850512e-01
