4.295962260458399129e-01
-9.260661844997963854e-01
3.192669853992813334e-01
4.806448358325240422e-01
-5.608085047238697829e-01
5.669534092619703536e-01
7.453633969392212677e-01
7.250144923979986444e-01
-9.867234327932952187e-01
9.716198752096649738e-01
6.997677134099302698e-01
3.046777701211553779e-01
-8.858608079734642260e-01
7.447354796937395438e-01
1.789866352886970713e-01
4.643066079706628102e-01
-3.880426622064698794e-01
-1.070537759869957806e-02
-8.761428552720840202e-02
9.993720961585133011e-01
-8.489409391796061133e-01
-5.590142500847183893e-02
-5.158773811030648027e-02
5.844695140077975637e-01
5.012636485542443232e-02
-5.975261082880916064e-01
-8.413560585813919523e-01
1.042144779186466308e-01
7.504987678570076426e-01
6.830456966555820131e-01
2.343914135674254329e-01
-6.633792636644464391e-01
-4.406452240676514975e-01
-4.578373262470465388e-01
-5.497387800087887300e-01
-6.721773701857871597e-01
1.977089977559631784e-02
-7.620872186879437127e-01
-2.767027171739846469e-01
-1.044511999498497490e-01
5.110223532275610658e-01
-5.841705124323313125e-01
-1.000000000000000000e+00
1.586995702427043131e-01
6.493061259280292763e-01
-2.834301727613646182e-01
-7.584522513938865007e-01
-9.138351398854760443e-01
2.468937130807750124e-01
1.223359493215672167e-01
-2.378676215935524585e-01
-7.351501722749103074e-01
-3.782073555390734754e-01
3.155915344955473323e-01
-7.284676731799637484e-01
4.987836942583983024e-01
8.362354400804117294e-02
7.281191312053050257e-01
-5.649915168533452547e-01
6.799283485530518423e-01
-4.159904037206543226e-01
1.182166635649353204e-01
-6.336450942599165526e-01
1.451926191810559708e-02
-8.362584611854233518e-01
8.024148848107259813e-01
-3.939957025178126848e-01
-6.438324493006359894e-01
8.106204690184222184e-01
7.706563788821505501e-01
-1.137246632383659417e-01
-2.408790886210832594e-01
9.791460252233481487e-01
4.585958625775532482e-01
-1.000000000000000000e+00
8.498904484554876682e-01
-4.340256903795571830e-01
-1.189596018616516648e-01
-1.000000000000000000e+00
5.337252434311717808e-02
4.379300850892842156e-02
-5.717455658900332249e-01
-1.601331263423353413e-01
1.367388295626665862e-01
4.853226811101203353e-01
9.885707158367191827e-01
4.139023748478654618e-01
3.218528210573909365e-01
6.659043746453900958e-01
5.831017763072028348e-01
-9.188647101725728739e-01
1.022475822348452024e-01
1.000000000000000000e+00
-3.061080603275583290e-01
-2.408558256084131488e-01
4.232318210879579823e-01
2.458478495043716627e-01
-5.931559091149296581e-01
3.897505757506758428e-01
6.507339561313856269e-01
-2.631348993057676111e-01
-6.506446670102861152e-01
-1.972167803090027483e-01
6.580656912414362125e-01
-6.712362662323172469e-01
1.000000000000000000e+00
8.495652594116607226e-01
-3.562180763910725023e-01
9.125935694788167574e-01
5.638686399135020011e-01
1.097124939864914661e-01
-7.847963199322667283e-01
9.226427286125868932e-01
-2.094175950874090919e-01
-7.762833771834944940e-01
-9.644990736477028204e-01
2.447604728497656534e-01
-4.559402858627125688e-01
-5.207315410039661252e-01
-7.713894498487361417e-03
6.312925458739844231e-01
-3.083758160761396194e-01
1.600689582765846275e-01
-9.952774545258804562e-01
-1.518748284109594504e-01
7.726727759542313390e-01
-7.109246004476126313e-01
-4.315327219691005300e-01
2.378539667405368818e-01
-8.482357512753931905e-01
6.924790031966701065e-01
1.849263095019069159e-01
-6.140820607342933890e-01
7.846806899290307280e-01
-2.411069680393504999e-01
5.567743837212744129e-01
-3.989753491118510631e-01
-7.788234407771688073e-01
4.831517582357005569e-01
4.632006678892031104e-02
-6.290638015243246173e-01
-4.560442492247436252e-01
-8.924124206334793641e-01
5.978232538069849777e-01
-8.715233062390450591e-01
-8.397012941295451949e-01
-1.077642323527309709e-01
-1.000000000000000000e+00
-5.113567539043861743e-01
3.783070775232093563e-01
-1.436140449219109883e-01
-8.630004663949825128e-01
3.050931775751191122e-01
2.233283293836276773e-01
3.127582330642244557e-01
7.760066519977688593e-01
-3.869235228414908967e-01
6.662157079592947451e-01
-4.718677925294574305e-01
-2.948018134701243520e-01
2.160996595868246994e-01
9.228781219057974328e-02
-9.998933901106574762e-01
-4.200581817480419922e-02
6.763389172760025936e-02
6.425722978151995335e-01
-7.062635060700537259e-01
3.971717379897214961e-01
-3.920120715110804177e-01
-1.819817434646875398e-02
-9.302246241143861116e-01
8.577319971805921206e-01
-5.866683915208223965e-01
-4.002468865429107403e-01
4.745288522024757039e-01
-5.657006401165620701e-03
3.926673920834095055e-01
2.502508509938525805e-01
-4.515995989663584287e-01
4.833742010707735570e-01
6.532461690647530794e-01
-6.891130208367495236e-01
1.000000000000000000e+00
5.612666898415186179e-01
8.954494588663879373e-01
-9.473025207860878982e-01
7.792529625404924776e-01
-5.891392294025983301e-01
4.895917978547859595e-01
-2.316877951626929999e-01
-1.000000000000000000e+00
3.293326846654869300e-01
-3.050929606976659492e-01
1.000000000000000000e+00
-8.714466136820491204e-01
6.912466850619686243e-01
-2.107182119806717546e-01
6.457237114684215573e-01
3.069119087157059500e-01
1.762868519725928618e-01
-6.372911021456744152e-01
-8.256343446903843253e-01
1.340699311648529957e-02
-5.431841739431536586e-01
9.353028453295593181e-01
8.289392085977165259e-01
-1.535780021764723280e-01
-8.902349511868437038e-01
-2.184732408929761505e-01
1.497198449335497283e-01
2.059513366505529852e-01
-8.126262999125840603e-01
9.463291848946084883e-01
-5.313616021665767963e-01
5.347908704056369977e-01
4.594108387009193661e-01
3.585449522844793013e-01
2.327924625390397628e-01
-9.114595273632832839e-01
-2.116768453230609692e-01
-2.558317353221988832e-01
5.001442152147916875e-01
-2.906179778902169275e-01
-4.114888106727219164e-01
-4.621709791271488288e-01
-4.875411488272285432e-02
-5.597083840311620762e-01
9.003059713982191070e-01
1.633748040808981339e-01
6.794336154353888269e-01
3.912106031353040914e-01
-3.908729517360243766e-01
-4.002412856845067868e-01
-4.160958424281389068e-01
-7.308883706344415643e-03
-4.626058537998467557e-01
-2.474512494810381380e-01
1.000000000000000000e+00
9.625096921162488162e-01
-1.000000000000000000e+00
-8.301666591306425813e-01
4.692184874937619377e-01
4.839560056583547265e-01
9.968364212775830957e-01
3.242955553258107249e-01
3.860706496326585802e-01
2.992386434129468142e-01
-8.546601212778919265e-01
-1.871776900369970242e-01
-1.000000000000000000e+00
2.822300179284928934e-01
-5.814719556678809020e-01
-1.000000000000000000e+00
7.299337323997836524e-01
6.600268997886638012e-01
-2.191209254261972106e-04
-1.000000000000000000e+00
-3.758757047128016282e-01
-4.215001343996289673e-01
-8.518352675404546881e-01
-8.171148097130973564e-01
8.998017197004157808e-01
4.171795363682107016e-01
8.559701959976164787e-01
-4.674071411983875546e-01
