6.958261228322522030e-01
-7.283794540983061783e-01
1.000000000000000000e+00
-8.600656152042165381e-01
6.866203811895784659e-01
-6.099171337574471607e-02
1.000000000000000000e+00
-9.943608134231700646e-01
-4.783488499598557708e-01
1.217917823644083103e-02
2.216823799707259152e-02
2.549289666176478009e-01
-9.515139439472869443e-02
-3.241395219424436647e-02
9.694072177810122426e-01
-6.235342514797825864e-01
-1.000000000000000000e+00
-2.015901770563823525e-01
3.176633342223184608e-01
-7.437275698290785053e-01
8.322809908862662809e-01
-2.085727147387692604e-01
-8.513460998466815255e-02
2.477953083795353673e-01
4.940678175552327134e-01
-4.160806294723752297e-01
-6.612516721631480632e-01
-1.208179553865270373e-01
-1.657383031197911527e-01
-2.621268959576893987e-01
3.621761314711606228e-01
9.121174647377560118e-01
-1.000000000000000000e+00
-4.503825217058396446e-01
9.391221851073325855e-01
-4.981627826390329639e-01
-4.613886645374850048e-01
-1.976146377113643382e-01
2.191412571710893431e-01
1.927031744283242976e-01
-3.332805028565031247e-01
1.820216086483115725e-01
9.975005983312468238e-01
-8.653289535127370868e-01
-8.727871539106362153e-01
-9.455201604208358646e-01
7.948593694566574719e-02
-8.591868964679304499e-01
7.934159639098270489e-03
1.000000000000000000e+00
1.721360802412144064e-01
6.535562435931624448e-01
-5.522039688845662431e-01
-1.000000000000000000e+00
2.736191327089776415e-02
-3.197846873011256918e-01
5.667271580787197616e-02
2.790741483150526725e-01
-1.196317702339385891e-01
-8.568186169335292313e-01
2.156949646382631813e-01
-3.667423260043973787e-01
-9.669708395615324026e-01
8.889890502773867276e-01
-9.341660480472444572e-01
-9.428184735994888932e-01
1.975206376601781333e-01
-8.430510911051743994e-01
6.105205129884206938e-01
7.371495264807419456e-01
-7.844438880707556017e-01
-8.763144044898971696e-01
9.995224843026374595e-01
-8.102631392035571922e-01
4.356186688754255520e-01
5.351538672038613775e-01
-1.934273193169880889e-01
5.024019840625103539e-01
1.228874268791453339e-01
-7.557197072495998036e-01
4.788927134069775882e-02
7.368381810974220514e-01
3.787361700439281220e-01
9.807094763341160926e-01
-2.460171555487812578e-02
6.080197500427805268e-01
-2.420399927301014054e-01
-1.959415625695803964e-01
-5.281107346649914769e-01
1.761143920185411493e-01
-2.171089010580848910e-01
-7.122875716144023706e-01
7.771470960191394495e-01
4.160739867110030965e-01
3.461696110316899722e-01
-9.805444072500366648e-01
5.187046289964011292e-01
-8.215187224984361603e-01
-5.418075420174880419e-01
-6.294119197754874939e-01
6.968803462770302160e-01
7.852083163788394771e-01
-6.748674155316611856e-01
9.332771346797727463e-02
2.822235922301044031e-01
-1.417986181839255011e-02
-9.174124496259538075e-01
-8.332319331982575017e-01
-1.000000000000000000e+00
-8.348828673698489578e-01
4.347599216952391377e-01
8.754996261861109907e-01
8.364274518409006154e-01
-2.449652528794162565e-01
-1.000000000000000000e+00
9.984725280929897251e-03
-9.282824766687645945e-02
3.930804806925255468e-01
9.014863503148597967e-01
-3.548353968618134791e-01
-9.909240846177049811e-01
9.201380771986762408e-01
3.748273252745006334e-01
-4.955860619034908598e-01
2.514914705261737660e-01
5.839888644658977057e-01
6.736643036791675199e-01
-1.758680856618519972e-01
-7.156317621964165543e-01
-8.409084413114738255e-02
1.514988276807194278e-01
-5.296358975803668878e-01
-1.026950240782536494e-01
6.216851526122171290e-01
-6.743163658641094793e-01
-3.004068241984541032e-01
5.366496012973396290e-01
-7.098110513230626584e-01
-6.286001605560836980e-03
-2.959627299374636422e-01
7.638384538172168226e-01
5.884575320274335608e-01
2.720433771288408575e-01
-5.857018638913458197e-01
2.649822614026912659e-01
-1.536345812405825184e-01
-1.000000000000000000e+00
1.000000000000000000e+00
-1.000000000000000000e+00
8.322166042272880482e-01
6.100316878872713566e-01
-9.639283732971871688e-01
-8.320056850883567057e-01
-1.039659624037612418e-01
5.021009034355655709e-01
-6.526871249192633950e-02
9.813009187570780334e-01
2.752713217438328419e-01
8.240877930912926530e-01
-1.000000000000000000e+00
4.211355855047745900e-01
8.353491320913480900e-01
4.427233297902423703e-01
5.961206176402460422e-01
7.006484435490821505e-02
1.971904806033647761e-01
-8.457757399632488404e-01
-9.548433911527895446e-02
-2.614767158396138491e-01
-6.945057409510532187e-01
-6.375225398365891305e-01
-8.052935892971411214e-01
4.426463675410665655e-01
-8.150938082937542184e-01
3.119797096880902454e-01
9.981151101823058092e-01
5.797330641597784329e-01
3.713867967434553718e-01
-8.941924706476629403e-01
-9.365135448419071862e-01
-5.228201114542006811e-02
-5.414300334278014937e-01
7.647271548464438240e-01
6.314512668275930052e-01
5.081420203470505825e-01
-1.000000000000000000e+00
-1.554994123556417418e-01
-4.809169579601293432e-01
9.225946382981360383e-01
3.934924668039728179e-01
5.739488513302871686e-01
1.000000000000000000e+00
-4.466444885900568429e-01
6.567345996526869900e-01
6.226877823121295119e-01
4.306002868764378100e-01
1.787275048201070193e-01
7.434145794108387717e-01
-5.183987868948876088e-01
9.110098891119097209e-01
5.934777794162681142e-01
1.952348311679289183e-01
9.178543024919174620e-01
5.860079326479475936e-01
5.045365943767141648e-01
-6.586735170924253868e-01
6.350077865798032795e-01
-4.887594706990508464e-01
2.685038215066893885e-01
5.279913077628458629e-01
-5.047774046356265920e-01
-7.127544068035635005e-02
3.434589650004197248e-01
8.152087746235499033e-01
6.754038360212410996e-01
-2.236025534232682910e-01
3.827751869169316312e-01
1.944931567136040651e-01
3.020800510509277781e-01
-1.968527918208867744e-01
6.498192776640656643e-01
-9.823149552509429228e-01
5.683445513679908911e-01
4.638278487520814952e-01
-2.231763796654718524e-01
5.928800774687323361e-02
-3.080746247222228007e-01
1.880753105064676134e-01
-7.923832577773618491e-01
-1.000000000000000000e+00
-1.000000000000000000e+00
3.806213027961210527e-01
-9.002706352225898767e-01
8.252252562510702383e-01
-6.559648429963131910e-01
-6.250320459691713904e-01
-1.000000000000000000e+00
-3.718761799208538110e-01
3.863303501712859744e-01
6.396790786350055047e-01
9.280969819646699426e-01
2.504188261370574042e-01
-4.390219819227333953e-01
-6.529503573930588445e-01
5.611722263874334704e-01
-1.000000000000000000e+00
1.000000000000000000e+00
2.935917781806250404e-01
1.000000000000000000e+00
-2.069413877091549198e-02
-9.534867552619379349e-01
-1.000000000000000000e+00
-5.489096355209608369e-01
-5.640984343164492376e-01
-5.979234518246858698e-01
-2.096887359014117103e-01
7.026447588838216074e-01
5.102024846346667752e-01
-1.086502935518062346e-01
-1.080957820357197896e-02
3.030510069171197252e-01
-1.193829242206316255e-01
-1.000000000000000000e+00
8.407479231135244202e-01
-3.673358600083997394e-01
