1.983727999191545743e-01
-7.986587092693619994e-01
-2.708329405448298144e-01
6.630946283088909876e-01
-4.534680473177785665e-01
3.906005046809406522e-01
-9.106510136765713637e-02
-9.745486631616981921e-01
-3.920846320890888359e-01
1.195283238792719249e-01
-7.984010343164757995e-01
-4.888636195497170212e-01
2.340161873325532493e-01
8.768984171676403871e-01
9.775240534035449791e-01
-3.780802169866204210e-02
-3.004612140378524199e-01
-9.649564243370660765e-01
6.791465891486163642e-01
-8.052784091156930391e-01
4.432926373401515630e-01
-3.321626099735317528e-01
-6.819673880622280082e-01
-9.780955952132607267e-01
7.355904332213521191e-02
4.591813119746286365e-01
4.618981375903914444e-01
-9.988559621138902722e-01
-4.088490216594276583e-01
-5.429521185580306053e-01
-2.320632481397859603e-01
-6.249999476438734547e-01
2.287688910265404107e-01
-3.480889546208136842e-01
3.113157975781584152e-01
-9.200297004689409475e-01
-5.441053551316266113e-01
-9.393265671269608319e-01
4.217685865860756333e-01
8.182057065204662027e-01
8.817578575849536193e-01
6.975529392721351307e-01
6.488621230743851775e-01
4.959641870529584162e-01
8.557833884476104824e-01
8.819963497216933845e-01
1.838485807607304068e-02
5.353318973655718516e-01
-2.494938521367150164e-01
-7.688406100685746258e-01
3.072799328184903089e-01
4.880313481025853051e-01
8.177280925364804887e-01
-7.476272295027157622e-01
-1.206418782991300898e-01
1.583285903965298003e-01
-6.418058295403584745e-01
-6.559693788158765804e-01
-4.859789755404642086e-02
-1.331908006870645145e-01
-5.471321835154481228e-01
-7.776411730340702100e-01
8.056448881312037180e-01
2.066162499666898689e-01
7.313026386665759659e-01
9.758026769967049763e-01
3.902174305993085790e-01
8.791076534341697446e-01
1.380989528563710267e-01
6.898878125750271817e-01
-8.876583064939675971e-01
-8.485100321683498592e-01
4.104587771554153441e-01
-5.086042130681516227e-01
-4.389279378568355927e-02
3.085048484199691687e-01
7.683956139383985029e-02
4.908608959090938750e-01
-5.372263967864354672e-01
-1.383108284945769872e-01
7.713439031196546170e-01
9.322160322952822986e-02
2.940182262818997749e-01
-5.244810014362983885e-01
-5.239978530281310665e-01
4.045001738063316310e-01
4.191825687464806327e-01
7.037851105439989485e-01
-8.626122497293235991e-01
7.745750154962591782e-01
-6.241749728686482035e-01
5.789906400970351585e-01
5.812278848398504394e-01
1.848758771558847436e-01
-7.571191869032893873e-01
-5.364313605857897738e-01
5.617137643972187622e-01
-4.327930100290616755e-03
4.084998015115636760e-01
-2.399225385671504007e-01
3.194933463596529299e-01
2.227638724643150048e-01
-5.076093406479254000e-01
3.459106386460293892e-01
1.477652080185521688e-01
5.098920432548936787e-01
3.419106019385173556e-01
-2.516105063182041413e-01
4.017123347717088677e-01
9.677393546483991082e-01
4.273045461573852233e-01
-1.624345302525388446e-01
-3.828919053609427525e-01
2.077068400583463870e-01
6.475459683646416220e-01
9.620070036610555153e-01
5.641922001203807380e-01
9.117954290366825365e-01
7.598463971898419267e-01
-4.320112643137918873e-02
-6.636704280875627138e-01
9.968991056107490145e-02
2.135505166809965605e-01
9.556298795118824962e-01
7.527877361021924341e-02
-4.647974442491257241e-01
-4.807369779580520364e-01
-2.489043259222734061e-01
-4.746072788519610786e-01
-2.033400227324859699e-01
9.450042189112684010e-01
8.826983428076773386e-01
3.183428094478459869e-01
2.976428228885172333e-01
6.198546048949502563e-01
-5.877838659049234860e-01
2.907275757319896514e-01
-6.384347740099809432e-01
2.460998887090837250e-01
-8.507584011438354965e-01
9.965352138765800616e-01
4.438155307990079290e-01
4.187024603377506038e-01
8.916917958112141607e-02
6.949538184129590013e-01
3.303337375015522048e-02
-2.040420685972048620e-01
1.253838842862660119e-01
-1.626724928928884317e-01
1.889802038817784968e-01
-7.546173668749089902e-01
3.439871256542659239e-02
-3.093159225152917191e-01
9.024600087122474079e-01
4.070307594033319987e-01
6.440703280536594910e-01
1.031846271432545203e-01
-5.518724289745233769e-01
-6.653914115939556506e-01
-5.445930744295551795e-01
-3.890626413548301521e-01
4.225854625457811653e-01
-7.441378831071860933e-01
9.933394679750655598e-01
-9.690760491355061568e-01
8.327150806492678026e-01
-7.182558633389621305e-02
2.243779943304218261e-01
9.245122778515391104e-02
-5.985974933615934024e-01
-8.495375336831799684e-01
2.122015853401317820e-01
7.274361352797971136e-01
-6.684374252886864376e-01
4.156362616269547172e-01
-6.382535709921690614e-01
8.604906109451179730e-02
1.490294365315977254e-01
-7.738979133071044458e-01
4.566004602802087864e-01
-8.309864595379351515e-01
-9.023866819097956515e-01
-2.919532319461111136e-01
-6.449931364837888648e-01
-2.756649291217211917e-01
5.422893837649800375e-02
6.211593685974851065e-01
5.096075410361388114e-01
7.929731427238899677e-01
1.706555852010445684e-01
-3.085491663512348604e-01
-8.445452339290507870e-01
-8.980068956520060874e-01
-3.993607838909577490e-01
6.248210993818503756e-01
-1.296254696694126851e-01
-8.763549344620651382e-01
2.512914495682240790e-01
-6.093870370583265306e-01
6.754801391011111544e-01
-9.949505108317091562e-01
1.355717036430266198e-01
-7.725301115346574488e-01
-9.382763028979697051e-01
7.788506137495290194e-01
-2.506006242791729566e-01
6.294772063173537102e-01
-3.826294895168885768e-01
4.082622108601535738e-02
5.269224510233334602e-01
5.774415682628553093e-01
7.865762059794999539e-01
-5.554238282584250674e-01
9.845192963841639111e-01
-8.393850965492066774e-01
-8.446718335939737976e-01
9.906506212383069387e-01
7.711125238904994461e-01
8.252138696233943804e-01
-2.238140625216588908e-01
-9.749916326903647068e-01
-8.487146888403078737e-01
6.612805908742089844e-01
-3.575442404656392625e-01
-8.511704368745819371e-01
-6.994060441650842286e-01
-5.337031086565153792e-01
-7.277204841402729052e-01
-1.036352482071001280e-01
-6.291285675814470846e-01
-5.002406996508135251e-01
-6.086248738510755540e-01
7.925069536806159665e-01
5.418001276929938770e-02
8.803398307268717193e-01
-9.464936455708479190e-01
2.568993503835916847e-01
-2.161707597617661403e-01
5.687709728080772020e-01
-2.907622182209118056e-01
5.212584241310314059e-02
-8.893942774155005893e-01
2.268864652112712599e-01
-6.151198026098241289e-01
2.047625442165149634e-01
3.186151934695127252e-01
-5.648226389911146228e-01
4.946587211979128207e-01
5.586170549689695175e-01
7.473227131031874582e-02
-4.215684339844455453e-01
8.749539156584068555e-01
3.820972742309854953e-01
9.360363224022158479e-02
6.886134331770186190e-01
9.713476211501235191e-01
-8.196094925642286588e-01
-7.155233225207989767e-01
-4.473813275574153314e-01
-7.963227819293867693e-01
-1.726049631273083307e-01
6.000383472782500061e-01
9.224492037223583907e-01
7.698349893609448547e-01
9.854833988802552680e-01
