8.351007776340498012e-02
6.983355564159159368e-01
6.033762479432609460e-01
2.222161499451210664e-01
-8.284902361985890806e-01
-2.804291239190319085e-01
5.497639432879018739e-02
-9.931237247573033722e-01
4.569135956546626631e-01
5.457678215783738906e-01
1.887919730298418530e-01
-8.887241290860437015e-01
3.666458102200580438e-01
6.957354724884754482e-01
-9.954053220455183482e-02
-1.407324947666666881e-01
3.442361621521585757e-01
3.499625370265223578e-01
-5.249724675022683362e-01
-5.766724679214165761e-01
-8.001974993061060637e-01
1.161092966058031167e-01
-7.833049037018030569e-02
-6.262334112050543800e-02
-3.836957727048605493e-01
-4.669048439874456391e-01
6.185533404271112978e-01
-1.975275155237921632e-01
-8.045713043856737023e-01
-4.295480477480885795e-01
2.185653248304534335e-01
-3.152864930189270831e-01
8.717458441787910850e-01
8.218534631971401438e-01
5.926708244665472580e-02
-7.786363023371292158e-01
-2.572975989343670444e-02
9.209844582070974006e-01
-9.379796831249909150e-01
-2.974961551100900881e-01
4.734704875992020723e-01
-7.464395951154949582e-01
-4.251457973178427996e-01
7.698576575049489445e-01
-7.666329256293047401e-01
-8.260481577421953103e-01
-7.823138737232503415e-01
6.546056732838775316e-01
4.864991237859779272e-01
-9.817528052207986633e-01
-4.505846696314421695e-01
-7.450770389106462499e-01
-2.411710003937321545e-01
-8.330634845446773795e-01
-4.003054483796689156e-02
4.498051755904196591e-01
6.299897934937386257e-01
-6.951533815271027095e-01
-4.551946653390481767e-01
-1.193970300135742679e-01
4.074068854341804033e-03
-9.005898724268629474e-01
9.415552838111822531e-01
-7.565912001773569262e-01
9.228102118364123196e-01
7.383013875240733714e-01
-5.669729762481652280e-01
2.024359777886804990e-01
5.765068027213708923e-01
8.147691746904567323e-01
-6.386199013093065702e-01
-5.061231774047226795e-01
6.594809316482119765e-01
9.561984439766380017e-01
1.550512033115014621e-01
1.029257500516504442e-01
-8.629893528253490542e-01
-3.268636086944460284e-01
2.654500105332662230e-01
-5.046377067788909709e-01
3.657550117156473379e-01
8.020609621891263696e-01
-5.433310159933223138e-02
6.209469917984357101e-01
-9.234308473944599083e-01
-5.104177265017374454e-01
3.226657835791399975e-01
-5.805039865077499250e-01
-6.634145144626043544e-01
-1.539484376771922125e-01
-2.067352601005472135e-01
3.624997634658828627e-01
-7.697665632845039907e-01
-7.918751851790758467e-01
6.954574161769988550e-01
9.382156279753066652e-01
-6.649957859377415570e-01
-9.121121508524528965e-01
-6.391235490734161750e-01
-6.994012841969955430e-01
-9.620982084579534632e-01
8.039306613309352700e-01
-2.701111637876842941e-01
7.496252624245058893e-02
6.714696934798707328e-01
-6.184123235475615932e-01
6.261798140701955173e-01
7.170870118849868025e-01
-4.225856345838427952e-01
-1.082590077381529736e-01
-3.254647693058143609e-01
-5.570964134774616383e-01
9.977860521620793843e-01
7.317436696124276496e-01
-9.792600161279760851e-01
5.093642358503728262e-01
2.432327269280089022e-01
-9.688168999951188853e-01
-3.646059711290325911e-01
-3.135360040107371127e-01
7.700140406894927236e-02
-9.977593743642610979e-01
3.524719919787377975e-02
-5.307912643586434331e-01
-2.229207049947616037e-01
2.187056784874568671e-01
3.095777115735109941e-01
-3.352599745678903620e-01
7.563337143724273570e-01
1.636139643093981189e-01
6.204335543585997037e-01
7.502162632917277474e-01
-7.237912897433752546e-01
-8.211932598738118649e-01
-8.653189039758815149e-01
-6.829016007061838867e-01
5.808308478170561839e-01
-3.525640793132167050e-01
1.810064453278625862e-01
-7.157306185721034053e-01
2.060092795130288867e-02
-4.980569883541630105e-01
-9.719448622140102190e-01
2.163905738854101368e-01
3.018818651792323227e-01
-9.930030211916819338e-01
-3.514554644953346019e-01
-8.496414219206083196e-02
-1.111896070588008212e-01
5.687702361549860086e-01
8.402211181588509215e-02
-8.144246832085442200e-01
-5.005742524611545008e-01
2.926196606755256391e-01
5.763946172955337899e-02
9.070083503544095205e-01
1.404527748397106923e-01
-4.786717567623560710e-02
4.470384500621776280e-01
-4.168247001063852819e-01
9.385964939963962195e-01
9.802585577630806846e-02
2.961928860725434043e-01
3.378199424223521374e-01
-7.687346542746207323e-01
6.262212448731803160e-01
-4.751848282687927139e-01
-6.386203620474515397e-01
-9.345420783488421757e-01
4.141904638770768088e-01
1.453669985492296313e-01
-9.925832215667212965e-01
-8.845657987066173344e-01
-4.638750340477246770e-01
-2.240126262552172287e-01
-2.489677733447058783e-01
-9.839855673082503751e-01
6.060429248136185443e-01
7.366884329861792535e-01
-7.561629585807740916e-01
-6.445182435433391976e-01
-2.594464869902110560e-01
-4.352073724723369286e-01
6.264172338940793283e-01
8.543849989172932480e-01
1.299722262704592901e-01
1.897189053216561672e-01
3.689420715872797629e-01
-6.706237937323759057e-01
-2.653017258023258607e-01
2.879751699903781437e-01
1.169321894763504510e-01
-5.716070092880576325e-02
7.777501649976643616e-01
-6.142544374845056998e-01
-4.596614261218268105e-02
3.920717321510193698e-01
-7.824762135209941682e-01
-5.232704855351836271e-01
2.194318902069399835e-01
5.286672047616369774e-01
8.413546737520913865e-01
-5.236512593907880486e-01
-1.844866953630403539e-01
9.972085796122713841e-01
4.750420894063611676e-02
3.119888997779041717e-01
6.527491181900363371e-01
4.167106015885493342e-01
1.425100389703131132e-01
-6.742144494508577057e-02
-8.503951911200986480e-01
7.530700829320277068e-01
9.797882254873393482e-01
4.866009737547761782e-01
-4.304699089718213578e-01
3.616903088449729964e-01
-6.214383309026587643e-01
-9.043781834554756038e-01
9.723426510923213195e-01
5.322303921750838329e-01
9.775317595209256361e-01
-5.267482950906026140e-01
5.103170830706371675e-02
-6.464194058337708881e-01
-5.200326069366683068e-01
-7.024601243168668852e-01
9.423448304104161677e-01
3.700616950094664515e-01
-9.996925819786821599e-01
-8.427642979664129452e-01
3.491284038728075245e-01
1.645468352045876270e-01
-9.790611895942974430e-02
-6.178638863596517261e-01
-5.370064889852881329e-01
-7.878700279644645921e-01
5.333850699826409025e-02
-2.732278833934064233e-01
5.950650833532920847e-02
-1.722248803126978922e-01
-6.426131602087457040e-01
9.239340840420884327e-01
9.937517356533926982e-01
-4.293932836792819230e-01
2.975229803246526306e-02
-7.268437871792773342e-01
-4.773528803788826269e-01
1.748644112484334379e-01
-3.635377896314687662e-01
6.009862446290910321e-02
4.918149572386148471e-01
-2.758477510715741099e-01
-2.860187988857755270e-01
-3.501186708430701899e-01
6.942591251434548916e-01
5.816126022570994314e-01
7.532411878505227421e-01
6.810433707898752020e-01
1.525954718300689406e-01
-5.518578690944714316e-01
-8.449873094593680634e-01
-7.480060508058572477e-01
-1.585485140807193216e-01
1.504772456554849813e-01
