4.285510884360891337e-01
-1.000000000000000000e+00
3.162468930060826633e-01
-2.231356406854363983e-01
9.731736974497057213e-02
5.536718289936493065e-02
6.749317754491148680e-01
2.310106225672725611e-01
1.000000000000000000e+00
7.998460852357206496e-01
-3.369397778970040225e-01
8.264749925687431276e-01
1.111083880297016879e-01
6.537586661692327272e-01
-1.524691982307050664e-01
3.118185737597100465e-04
1.955614823192368679e-01
-9.181207208563413324e-03
1.000000000000000000e+00
-7.643683813801241955e-01
-1.000000000000000000e+00
-3.777252474747401223e-01
2.742883609828192237e-01
7.077952318133204912e-01
-9.165859439563870392e-01
-4.400789632528807616e-01
7.427924039197224548e-01
-3.163328160326588367e-01
1.702022614706541481e-02
-2.290749967577405677e-01
3.725420329895580140e-01
-1.991358564981018375e-01
-8.570694298437817049e-02
4.172631279104215274e-01
6.192971980001231724e-01
6.082198644220080386e-01
-9.818355245708436652e-01
-4.129111336390637876e-01
6.408247414087724358e-01
1.974020298598167800e-01
-5.314891886720130021e-01
-3.463269483515187819e-01
1.716476007737929299e-01
2.598059765895199269e-01
7.576204466283376071e-02
3.628792330445893555e-01
-1.265557521178263256e-01
8.972060983792221611e-01
8.546381986981673728e-01
-5.559310818960665479e-01
1.006933843636070164e-01
-7.471833015808078127e-01
9.897231114152147402e-01
5.634527213198133877e-01
5.776693197219640030e-01
4.235892298189995464e-01
-7.090351491704574016e-01
2.515227514792836017e-01
-8.295707101078255707e-01
-8.885437457181886156e-01
-4.774882656894999799e-01
7.950542855871872705e-01
-4.484475065516043690e-01
-5.996376591010682544e-03
1.879064385279089755e-01
-3.356595706377454857e-01
-1.031688542806130648e-02
-6.633159552160154959e-01
-5.791285783926356512e-01
-9.584908783262496845e-02
-9.127908712813956882e-01
-3.468204960874767817e-01
7.491658406047169150e-01
-3.298314013860545457e-01
-1.000000000000000000e+00
3.671945575990209765e-02
-4.279355839230339908e-01
-9.004013845356149126e-01
-7.636782127126962028e-01
9.085164367747871061e-01
-7.699541831052096885e-01
-6.570454963080086808e-01
-9.437875541834596094e-01
-1.213787434059869497e-01
2.294983283554632436e-01
-5.521337874684746350e-01
-1.000000000000000000e+00
-9.758276577708254740e-01
-8.421122091554839040e-01
2.406613509858434308e-01
-1.606275264445745921e-01
3.835605838895768671e-01
-5.133809078361945000e-01
5.438497766949282886e-01
9.697550778106642788e-01
-6.217916993171808127e-01
-4.024623940156893398e-01
3.396225595162015720e-01
8.290814018206261668e-03
-1.512609243014716998e-01
7.737493519553761967e-01
5.687663628578574215e-01
6.483078986921706477e-01
1.000000000000000000e+00
-8.661175294398858471e-01
4.436409533171974395e-01
2.078887974235744118e-01
1.706173554862001895e-01
-9.588447766367150793e-01
-1.796443457543277500e-01
-1.000000000000000000e+00
-7.992995733809833414e-01
-4.126848344878388253e-01
6.020297517449471059e-01
-6.333740728447861956e-01
6.253129454787463848e-01
-6.224261078427767435e-01
8.634087671385957119e-01
-8.744498573452114121e-01
4.612993279892876330e-01
-1.002353915677531709e-01
4.750034026816423727e-01
9.054128936886085555e-02
1.000000000000000000e+00
2.563174333542068140e-01
-3.382444652912161565e-01
-4.426033199523864425e-01
-5.388843480091665139e-01
-9.845151423418547765e-01
8.864179230796953579e-01
-5.084811639364823777e-02
4.305950947897680958e-01
1.017670062537935627e-01
-5.370142360116880731e-01
4.574367095926260007e-01
5.216316475413007581e-01
7.398562521623657240e-01
-1.036906740991746373e-01
-9.071013787074451162e-01
-1.907044494538032708e-01
-4.469632744045670125e-01
-1.507109892763427161e-01
3.296104942429941564e-01
3.545267516573409328e-01
4.168018646560959772e-01
-4.398549541255926676e-01
2.727532048658800612e-01
-3.463136137855538088e-01
-5.688963660258479216e-01
-3.267466983904807054e-01
7.716502084964824704e-01
-4.645146297502589228e-01
-2.860956322169297406e-01
6.349618584490426265e-01
-2.902084441078300880e-01
8.033571939543276974e-02
-7.956672998186560264e-01
-6.401703125817555240e-02
-8.519593631780791876e-02
-3.879897557822351573e-01
-3.535686699916428810e-01
-6.028341733386151091e-01
-8.679631728998860041e-01
3.372568817027080668e-01
4.055377458423641279e-01
-4.899887447382126338e-01
-4.846077708442522725e-01
-3.830791504046923146e-01
1.318685046969587105e-01
-4.685477946021994744e-01
1.720543931428692996e-01
5.424474105541219338e-01
-3.548473449080202791e-02
-4.123092161551314416e-02
9.704470375382165948e-01
-7.940375683356217795e-01
1.645183716207030133e-01
2.668339442146503426e-01
-9.416503215192517651e-02
-6.227613380058820702e-01
8.714459068355677740e-01
4.626852003003147362e-01
-7.507387678926734642e-01
-4.974563513292133698e-02
-3.618060894514224524e-02
-8.695882840433716288e-01
-6.733767402830563853e-01
-1.000000000000000000e+00
8.938809458923721030e-01
6.894000211527826494e-01
4.219651584739471106e-01
-8.657678622223066167e-01
4.646641654490057949e-01
-8.159898507854421723e-01
1.000000000000000000e+00
-7.708852613115989294e-02
9.451656834509676308e-01
2.014332821773235915e-01
9.410320703817608434e-01
3.562180491066581356e-02
-2.782401879248784238e-01
9.035560741970140031e-01
2.197835828674304937e-02
5.535248209599310520e-01
-4.894270666676316939e-01
1.559168890531389962e-02
-6.460497575247790836e-02
1.961295141641875711e-02
6.893245663566123227e-01
-1.990361220540874387e-01
-4.061959194172015120e-01
-4.428228891055047689e-01
8.958394613467729473e-03
9.869292894539292149e-01
1.787696086864423994e-01
-2.385095462810082612e-01
-2.358988520268334721e-01
2.208885643733831394e-01
8.236273411551759960e-01
-1.707656803163389303e-01
-3.691206653266294602e-01
-2.081239821530226353e-01
-6.204433767633537045e-01
-5.943176919736012365e-02
8.254273574718082873e-01
-1.779043022747855973e-01
2.377582673265814794e-01
-9.225597939812908432e-01
4.236952269313712938e-01
-1.982912202802946666e-01
-9.757655870511237062e-01
4.091309263574046673e-01
3.190290063281618349e-01
8.527361240031305911e-01
1.016113958850970167e-01
-7.678436565607209552e-01
4.903983080700970443e-01
8.236594338059254339e-01
1.000000000000000000e+00
6.383102458193146145e-01
8.080827125543108558e-01
-8.560800659616263353e-01
-1.433188655157222324e-01
3.263404423253176145e-01
-6.518534899176351427e-01
7.478108130639461448e-01
-9.373165308910285098e-01
-1.331548591557165651e-01
8.653040614589482260e-01
4.329895576044534011e-01
-1.000000000000000000e+00
3.556172061564679687e-01
-9.354269051061905316e-01
-8.896094001774730309e-01
-9.983271396870094794e-01
9.442343325036255397e-01
-3.925111847196915971e-01
-4.734316500364603719e-01
-5.337959365600186690e-01
9.875565146941872596e-02
-2.450942154051398703e-01
3.803764969586763134e-01
4.771654777552288840e-01
3.587449424550733790e-01
1.533012410761445121e-01
