-9.130954265422651650e-01
7.174130660589660424e-01
-1.301779241574497759e-01
1.892947216020027246e-02
-7.458400612548736763e-01
2.129981312080506395e-01
-1.000000000000000000e+00
1.000000000000000000e+00
5.742429278737796183e-01
7.809592915764456134e-01
-6.957466283322203404e-01
-9.689935942528334900e-01
1.798133739268328868e-01
-8.139818150894070348e-01
1.536188164911914122e-01
-1.000000000000000000e+00
5.426080024510999689e-01
-1.000000000000000000e+00
-1.103426737039133465e-01
1.000000000000000000e+00
1.000000000000000000e+00
4.897583009339710469e-01
6.258467352696579500e-01
-6.354088011172772665e-01
5.900982962338037208e-01
2.446172850837937951e-01
-1.000000000000000000e+00
8.150342032719298802e-01
-6.649471701035190030e-01
-3.196298103751740172e-01
1.000000000000000000e+00
9.275341836256645323e-01
-9.092502287071875244e-01
4.842712107167541913e-02
-1.000000000000000000e+00
5.594937317300491264e-01
-7.732138776725748786e-01
1.662515958896655377e-01
-8.694809942177467166e-02
-8.745419762712658418e-01
5.040682778611556003e-01
-8.366408578662339890e-01
8.756938760815381473e-01
-1.000000000000000000e+00
2.144345834288837460e-01
9.835956464934414445e-01
-9.150205518823524287e-01
-1.000000000000000000e+00
-7.803539101089841390e-01
1.803175466652334052e-02
-1.000000000000000000e+00
-8.873530869807040311e-01
-5.520056025971429303e-01
-1.000000000000000000e+00
1.000000000000000000e+00
-1.000000000000000000e+00
-9.356596479127743393e-01
-7.360405937124065989e-01
2.082959450364901821e-01
1.000000000000000000e+00
2.177665588694688292e-02
-3.679535858692011274e-01
4.166665305121397544e-01
-6.779733762093013150e-01
-6.849692518271133235e-01
1.000000000000000000e+00
-1.000000000000000000e+00
7.750053659407462048e-01
-9.076283814358750979e-01
1.000000000000000000e+00
-1.000000000000000000e+00
1.000000000000000000e+00
1.599473740810686828e-01
5.000320111326369554e-01
-9.041504005502243313e-01
3.405345655726776943e-01
-1.000000000000000000e+00
7.722203883295734039e-01
-7.719330032797299124e-01
5.063403962849468698e-01
1.267314957612117876e-01
9.405417069448911427e-01
4.289549957921093837e-01
8.566668483313593097e-01
-9.865365227821926153e-01
-2.107072812694699704e-01
1.000000000000000000e+00
1.303464308817841866e-01
2.329587191779214361e-01
-1.889738771194608979e-01
7.769467358603970863e-01
-6.800161233674498762e-01
7.926127423654905080e-02
-6.989909742457414144e-01
1.000000000000000000e+00
6.561054154485674861e-01
1.000000000000000000e+00
-1.000000000000000000e+00
-7.455526477685903153e-01
6.730936577682860023e-01
-1.000000000000000000e+00
4.279527229238583308e-02
-2.924459582069484365e-02
7.110721770581363010e-02
-1.000000000000000000e+00
1.000000000000000000e+00
4.700792818485632907e-02
1.000000000000000000e+00
3.373481117198331436e-01
8.265768185250009781e-01
-9.195375193759334209e-01
-6.049908682913380797e-01
-1.000000000000000000e+00
8.504893705049713093e-01
-5.713126648079454029e-01
6.771575915458240003e-01
7.719512385553251033e-02
5.722328295634258044e-01
5.409303085692799273e-01
9.967456676149007988e-01
-7.948467729299072415e-01
2.360252722928076752e-01
-1.793980111214149575e-03
6.623331826625213914e-01
-1.000000000000000000e+00
1.369843061648453597e-01
3.983104667756540845e-02
-2.229886290562037576e-01
-9.479938613304192963e-01
1.242077784704730403e-01
-2.284062274644254598e-01
-6.784689056028839760e-01
-4.172974697000610966e-01
-8.972929064301289337e-01
-1.000000000000000000e+00
-1.000000000000000000e+00
6.070711879799682853e-01
-8.646251396846635906e-01
-1.000000000000000000e+00
5.644388096352693784e-01
-1.000000000000000000e+00
-5.719296838265992555e-01
1.000000000000000000e+00
-4.203308914606536384e-02
1.067684796024042093e-01
1.000000000000000000e+00
7.356946069589747061e-01
1.000000000000000000e+00
6.756174175956057848e-01
1.997187940332373346e-01
-4.499536891887040424e-01
-1.000000000000000000e+00
-9.629808760011686619e-01
4.093978036194644843e-01
1.000000000000000000e+00
8.097296270350490266e-01
4.226609567424810532e-01
-2.390984583360630245e-01
-1.000000000000000000e+00
7.052613567325102251e-01
-1.000000000000000000e+00
7.152324813580726581e-02
9.562228098591155634e-01
1.000000000000000000e+00
-7.778006600104677704e-01
-1.065288514353102123e-02
-3.641042486028898684e-01
-9.070532656121103043e-01
1.000000000000000000e+00
-1.000000000000000000e+00
7.597679194744868525e-01
1.000000000000000000e+00
1.000000000000000000e+00
4.484474858811450249e-01
7.753097762579588270e-01
-5.517744070894267105e-01
3.515956441225287499e-02
1.000000000000000000e+00
-1.000000000000000000e+00
-9.960603129258382982e-02
5.426595213906640902e-01
-9.432498020176325326e-01
-1.000000000000000000e+00
-1.781791564134815320e-01
-1.000000000000000000e+00
2.072356019966800356e-01
1.000000000000000000e+00
1.000000000000000000e+00
1.000000000000000000e+00
-8.742018271488271042e-01
-1.000000000000000000e+00
6.459358465497627710e-02
-5.363675582963223221e-01
2.720713702169358927e-01
9.224556346549416253e-01
-7.190870190883025259e-01
1.000000000000000000e+00
3.253374325426938718e-01
-2.340013246351027587e-02
-2.119007323244055663e-01
1.898114636893375451e-01
5.078973725196500588e-01
5.487739025399575032e-01
-1.000000000000000000e+00
-1.000000000000000000e+00
4.608663526097843133e-01
-3.061876040541991473e-01
-4.879155963391776374e-02
-2.220609128396813237e-01
1.378260447204094075e-01
2.583210953976433077e-01
-3.990252186432479142e-01
-2.719013021575233946e-03
-1.897069917021289021e-01
7.997748270776686708e-01
-7.737533654974075858e-01
-6.566178901481350971e-01
-1.000000000000000000e+00
-7.550129563921482712e-01
1.000000000000000000e+00
1.000000000000000000e+00
-1.000000000000000000e+00
8.986197527050138190e-01
-5.106632107198186832e-01
-9.725013852653388025e-01
-1.000000000000000000e+00
1.000000000000000000e+00
9.922014644332211031e-02
-4.040404821722433371e-02
-8.446342614907392798e-01
-8.236992311675164213e-01
9.880555070618871616e-01
6.003796531744337583e-01
9.848810122472376749e-01
1.000000000000000000e+00
6.982013044734871610e-01
-2.787767526074407809e-01
-8.894037376092123193e-01
1.000000000000000000e+00
2.342779904442204852e-01
1.000000000000000000e+00
7.583640818943775397e-01
-1.000000000000000000e+00
-6.848388199367150264e-01
-5.287894775276099635e-01
-5.979418643769068842e-02
4.611159181454370093e-01
-1.000000000000000000e+00
5.772792220850089251e-01
-1.000000000000000000e+00
-1.000000000000000000e+00
-5.518825020796896963e-02
8.175781133074975227e-01
6.877466949414143826e-01
8.668500083108631182e-01
2.298048808472550331e-01
-1.000000000000000000e+00
4.774664254661948881e-01
6.987746366626543804e-01
5.846530444388734482e-01
-1.000000000000000000e+00
-5.936251539793614418e-01
-8.086579971045502191e-01
8.193211546594140193e-01
-4.941937311881914319e-01
