9.057309273211081035e-02
4.075430792074637987e-01
5.476125556939136496e-01
-6.322900943151731346e-01
8.405618076911498815e-02
-9.995591415721847284e-01
9.997971427191272298e-01
6.525890023099418791e-01
-2.128156515419815098e-01
-8.087475848473348883e-01
3.737529953909140001e-01
1.435425563368215585e-01
-1.424014952390818545e-01
6.516788635449998202e-01
7.147503079264169723e-02
9.794743513144918978e-01
7.841759898962791242e-01
2.634891161687475947e-01
-5.163146048226533447e-01
-8.627572605604308942e-01
7.546377935424329886e-01
5.370061190634882742e-01
-6.784200118626354525e-02
-1.753059063461614442e-01
-9.631688219383769400e-01
-6.624913549540293323e-01
-8.973241544967792693e-01
-5.488804194964874705e-01
-2.905285251020265358e-01
3.196309930304619407e-01
-5.057715177141884899e-01
-6.416550779293828111e-02
-8.675496664804333014e-01
-6.746154890543469840e-01
3.766380875005634898e-01
8.897592070397991604e-01
-9.817457047296427319e-01
-8.197929173848407247e-01
-9.744729266693090697e-01
6.807872780785052536e-01
-1.962586329292375087e-01
6.431302573525046196e-01
-4.807509813511871011e-01
9.666714134587172103e-01
-8.239737791553048973e-01
3.276354732477642084e-01
-2.235213728320481208e-01
2.179557664040088216e-02
2.414527648977959906e-02
7.296507663328855031e-01
9.059642174551804095e-01
6.634585832113337744e-02
2.824781056617495789e-01
-3.960647664177001648e-01
9.650703725056694049e-01
8.854608796857434960e-01
5.021925440827328391e-01
1.555281973848347821e-01
-9.902509800203016521e-01
1.080661106354900425e-01
-9.947480323036407279e-01
-7.477029415853493344e-01
-1.761902275935932072e-01
9.396864315406061596e-01
-6.568582003158773830e-01
-2.218748919130126007e-01
-6.824608466237320759e-01
-7.784078527686708604e-01
9.916838663113836105e-01
-3.748013668416124711e-01
6.477009188786815308e-01
-9.670942768675885870e-02
-8.780026002006173780e-01
3.251407953182544608e-01
-9.512432661948248824e-02
9.931294690898999356e-02
-6.225447749790340435e-01
-3.327921009592906820e-01
6.064216014612914263e-01
1.267215801923953222e-01
-8.391156467610296765e-01
8.798476646054677330e-02
-5.758257604890542058e-01
5.286690999067041874e-01
1.696701090371229848e-01
7.027677741276945333e-01
7.181065413959115684e-01
-3.240880558516179288e-01
-5.548145660198753326e-01
-1.381567803558113594e-01
-6.413306607126330050e-01
5.306695383294999235e-01
-5.609535315953230183e-01
8.500571105356822255e-01
3.719993087883899374e-03
-3.935251700428156751e-01
-8.550486039686822082e-01
1.598345596394690205e-02
4.744055017775909988e-01
5.444582241606781281e-01
-3.114619365905460513e-01
-3.229762820287815361e-01
-3.760408284262235501e-01
3.259052325128868333e-01
1.272374477093449197e-01
1.067513494903710308e-01
5.244839439285672311e-01
-7.741192540987329451e-01
-4.966236692136679620e-01
-6.972862376665323048e-01
-3.002745020549435484e-01
1.421569329439578422e-01
-1.415011153696409674e-01
-2.662588838422780824e-01
-2.267225233674088347e-01
8.015131223715618036e-01
-2.529063678827760953e-01
-7.540322924287887196e-02
1.853072436912681434e-02
-9.860365263830037641e-01
-1.671385579770895413e-02
8.764316877363242941e-01
-7.400704579337546996e-01
-6.769120755426805136e-01
5.483144287800961747e-01
-3.141831155743847193e-01
7.668334166076575809e-01
-7.235602221205366114e-01
6.848783384120069595e-01
-5.392431906430428246e-01
-6.485845889259944652e-01
6.711083947411866646e-01
8.858548018330496543e-01
-9.887651192287870705e-01
-3.231064649645920550e-02
2.910849225839573506e-01
-8.593975761138845648e-01
-6.475345229205674291e-02
-8.520252923314297622e-01
-9.870649161274083205e-01
2.220087704454252742e-01
7.826544446353096429e-01
-8.735188343373307962e-01
7.597308462274997287e-02
8.988007869948633211e-01
4.355048445418987502e-01
-7.637816063372019348e-01
1.010189891532035644e-01
-8.270224547615849797e-01
3.589580936858287608e-01
2.993748207958210616e-01
3.943054241184282271e-01
6.930199054336491638e-03
-1.201807039835600111e-01
7.965104813749526169e-01
5.532293584724266022e-01
1.371268454710728446e-01
-7.985996313757166565e-01
-8.818839162893370442e-01
-4.972439267458153012e-01
-9.280718517726649353e-01
9.872668424976557278e-01
6.711885165563320488e-01
7.378657970134105959e-01
6.012441675681804432e-01
-8.842282684055401409e-01
-7.102775930487927880e-01
2.404089766310461285e-01
-5.015739322217818152e-01
-1.954634025645202167e-02
-5.260593331735597955e-01
5.678298915077260034e-01
8.503276662607352210e-02
2.774298360674795627e-01
2.027480947226773800e-01
-6.277546986322315448e-01
6.759693703956902722e-01
7.687051973805318628e-02
1.136454289573714249e-01
5.333953958648095517e-01
-6.494270946863775484e-02
2.160448745006964266e-01
9.028282368518236733e-01
6.522830606761440553e-01
2.007759141909918332e-01
2.331458428908860792e-01
5.898572248588362932e-01
-2.185608847178941161e-01
8.765130984348283860e-01
-9.997659890306854757e-01
-9.549602286818981156e-01
-5.144616527544975115e-01
3.470168481079460854e-01
8.438019996387546851e-01
4.740085250248860516e-01
2.689861831312618801e-01
-8.002114475398780513e-01
-9.219306602842664011e-02
4.464137846782674224e-01
7.263174986610657635e-01
3.742402261220208470e-01
9.868324603525087113e-01
3.022842485927354494e-01
7.386555965073353658e-01
-8.799275944626765433e-01
-4.951899464274837070e-01
-4.728088240261429931e-01
7.282418437646802634e-01
8.796736098889454958e-01
-5.276260169005744238e-01
-1.544141421428903427e-01
6.963406629315114227e-01
1.251877077538074978e-01
-7.418250283628531339e-01
-9.999259208377498931e-01
-3.340268502695503683e-02
-2.076561880150351591e-01
-4.101907836899283399e-01
1.291359061250410556e-01
7.145471623748849144e-01
6.621274757370748665e-02
-5.732451121698254326e-01
4.098932817217149083e-02
7.196901350746336412e-01
7.675557927543446013e-01
5.480692735377588054e-01
-6.441612857535374825e-01
8.964193371910330610e-01
9.384440296257376968e-01
9.784610315937430913e-01
9.530595910347063049e-02
-4.296919169663671045e-01
9.979199540686951586e-01
6.093185408879249199e-01
-5.071251993691592297e-01
-5.104115727919492640e-01
9.307788452670685553e-01
-7.801508882504667453e-01
5.853679426731471791e-01
5.256576982881545623e-01
-2.000427207188291978e-01
-6.235506942534296826e-02
-2.408602783861481522e-01
6.645801655612671999e-01
-7.570788285409441043e-03
9.699557727788645778e-01
-9.597142059804538716e-01
-5.885294991423981603e-01
-5.830912414405458044e-01
-8.224494440758977065e-01
-5.613264810715038466e-01
-6.808994218782498109e-01
-3.056106167573104937e-01
4.256558657434974524e-01
7.481344436572221479e-01
6.960820983095581393e-01
6.395792529467471121e-01
-1.911090546331496443e-01
9.623079636792366554e-01
6.742253784732216149e-01
3.286728926912138582e-01
7.831314926329983050e-01
-1.367431865988414930e-01
2.723767807081198256e-01
9.946034987171908925e-01
