6.952119277327966085e-01
-9.213654236232035055e-01
3.758689920858762079e-01
1.231591031184000595e-01
8.867016811834103063e-01
1.881077427949328085e-01
9.689445399246784385e-01
5.486546596232776407e-01
8.500269711852260768e-01
-9.980097630643053330e-01
6.299042810912003354e-01
8.689804280594877195e-01
-5.804414955333441206e-01
-9.444856998296953243e-01
7.012923310672742883e-01
-9.991780438348192295e-01
-7.901061953767301027e-01
1.287317808283944542e-01
-9.471540755246732335e-02
-6.820216533951701798e-01
-6.655910267047655537e-01
-8.338495086165108594e-01
-8.041117622191527037e-01
-1.243943774640325906e-01
-8.436206461893918096e-01
-4.045864659590666657e-01
2.736113172317441444e-01
1.139404451910180360e-01
-3.887389692024560972e-01
3.799448659589683974e-02
-4.319539448656863900e-01
6.568896349637666221e-01
4.228265420859101953e-01
-2.551591776242888299e-02
2.858747216412033110e-02
-3.042363691200260511e-01
-3.902683396082597955e-01
6.644173459719417973e-01
-8.024208545829388806e-01
8.718519839378591207e-02
-3.796682182242448467e-01
-1.903022973262602502e-01
1.485283544465355043e-01
-3.752259649081606252e-01
7.652110132706370083e-01
4.057867668668817540e-01
4.640703918968540620e-01
7.839283832320759204e-01
3.553373077481756237e-01
2.271316303575810491e-01
-7.128906680097907289e-01
4.933187600245633186e-01
-3.246198890643618995e-01
1.807317137292132614e-01
1.173647634051973171e-01
-5.978985245470457011e-02
-6.351919727053498832e-01
-3.324942176858133869e-01
6.425334047358850498e-01
2.621891084376231640e-01
8.003853392864697103e-01
-2.857385821880431553e-02
-1.437273017998196289e-01
2.047869510326168763e-01
-1.443993930664990710e-01
7.158585105070428001e-02
1.343651614223584367e-02
-9.486012049728156370e-01
-6.365501952544878606e-01
-3.814014581724724517e-01
7.918538534532282291e-01
-6.267611155895389530e-01
7.056410970802402538e-01
-9.096157762375323141e-01
-1.514759628079650200e-01
-2.655376117183388951e-02
3.554258199143289221e-01
4.701577386237822953e-01
-9.551875093786868498e-02
8.788788745441459271e-01
1.975482457067773145e-01
-8.229187256506551584e-01
9.886542797331487886e-01
6.865925472447987898e-01
-6.556527747194791367e-01
5.942546225528195780e-01
-8.839328660374723423e-01
7.038566433937319677e-02
-2.192785054974392966e-01
4.932562625714298488e-01
-3.917514550077214608e-01
4.395666372023343538e-01
-5.666896824113198949e-01
-9.999910991030356300e-01
2.265971955638106938e-01
-9.517877378323141846e-01
-3.219736417399222672e-01
4.780933183439707856e-01
-9.842622540604817338e-01
-9.278499194441507392e-01
-1.529453200885089181e-01
-3.224329224976779651e-02
-2.742348927345060750e-01
6.220739278859580557e-01
-9.944637135920919579e-01
7.699972591035764147e-02
2.905888810253451915e-01
6.270818417915983156e-01
-5.265282892825066119e-01
-7.320241990686795486e-01
-4.396765129447238185e-01
-8.995639314161901767e-01
1.122204350136645767e-01
3.961711947607328144e-01
-9.353621451982713220e-01
6.381325979246732505e-01
4.268054259409899687e-01
-4.310540341932277419e-01
1.441795482832728681e-01
7.347355931762578063e-01
4.275650874959023851e-01
-4.977209722118051682e-01
-6.416268845310648672e-01
7.043534188914114536e-01
-6.923491767313244560e-01
6.122261478760586684e-01
3.665089787297759472e-01
6.453274479774195882e-01
5.211884174427556804e-01
7.875033759292484614e-01
-7.295066224887815087e-01
-4.464036421504433694e-01
-9.952644976186783010e-01
-8.286072920939429043e-01
-8.214146096505771100e-01
7.752239766369323215e-01
6.345047022877527976e-01
5.491249978879425564e-01
3.563612992030265603e-02
9.531811124091627008e-01
9.653557727666904897e-01
-1.903456938247738428e-01
-8.266350444577889034e-01
-7.120108140588832235e-01
6.079208117221773788e-02
2.902314542412801068e-01
6.517107867528704190e-01
-3.717578829890447745e-01
2.394200629553448201e-01
-4.462706980097979614e-01
-6.445667481768088680e-02
6.972210601008278497e-01
-1.110131641625670684e-01
6.916337644808480123e-01
5.491059522025583117e-01
-4.077070126051489107e-01
7.473173900147433990e-01
-5.726345331119715443e-01
9.989656092528378384e-01
-8.717625849861905252e-01
3.966338474160455707e-01
-1.596196648386416506e-01
6.143005587996218653e-01
4.201904345620693926e-01
8.718413980308410416e-01
-5.250007898921038585e-01
5.380840807710965956e-01
8.190980447498659167e-01
9.358172983193714378e-01
-1.532960697581388920e-01
8.401331127657132303e-01
1.532528020254583234e-01
7.901127320630155770e-01
-7.459347151509841956e-01
5.277533807668595145e-01
7.555069632859692241e-01
2.731128274358081143e-01
-4.998077537965562867e-01
3.432405975570413936e-01
9.216640822568626934e-01
-4.706316564708856731e-01
-5.613576036610056219e-01
4.100074173099713670e-01
-3.066659354386603864e-01
-3.790983087869981283e-01
-8.502388000910428012e-01
-5.236501740094269275e-01
3.086419311988446434e-01
-3.089287617888253346e-01
4.736712602773979208e-01
9.562235687003051154e-01
2.988124220958301436e-01
5.762098171575422700e-01
-7.845987417083102322e-01
-2.140938401438057526e-01
3.672505606961314895e-01
-1.553674395152270793e-01
7.626487736600345846e-01
7.862106580899792807e-02
7.503184238890991953e-02
-7.147303884854141476e-01
-6.468726022778825691e-01
6.595263943078288893e-02
3.830608855271707136e-01
1.026332435941808008e-01
-6.985830230411070596e-02
7.805242365855376008e-01
-2.289733423491799591e-01
2.657387037507937255e-01
3.630104331642365345e-01
5.661934235995610409e-01
8.866703520072543032e-01
-2.577163757641465769e-01
4.214858058695320486e-01
5.054741257977082292e-01
5.726590447284973795e-01
-3.257146665189684098e-01
3.828098283678638136e-01
5.331484528236767328e-01
5.296720645348901302e-01
-9.477894868521440364e-01
-9.166377998893500134e-01
-9.076209313095328080e-01
4.101394336285529296e-01
-7.960939621742411099e-01
-8.046006950925677081e-02
9.557431118675743797e-02
1.434213902962127585e-01
8.314150452373205713e-01
4.266449746192797488e-01
9.836503144368825557e-01
4.717019025992721937e-01
3.415472687080171044e-01
7.901466773384220321e-01
-3.493082125299415974e-01
7.532367419487269178e-01
-1.989373865514809381e-01
-4.467270982794360190e-01
-2.331866590988525556e-01
-4.880975059721910925e-01
-6.761692596821069490e-01
1.587366423411823435e-01
-8.492088360215888088e-01
-1.518127715672967781e-01
4.493793878485643489e-01
-5.356933225446661728e-01
3.453727270422811413e-02
5.430428710031593997e-01
8.027428273094368016e-01
-6.865609833286669961e-01
-6.424600708590337828e-01
5.496699689422871460e-01
8.030272904564192959e-01
5.361342959276214071e-01
-2.407151690605453531e-01
5.026129397161297474e-01
-4.965705013450674166e-01
-5.519309379992751730e-01
-9.982026267859871460e-01
2.587640899626387769e-01
-9.300320872539326045e-01
-8.640177111386819764e-01
-2.411881734612819628e-03
-1.502851878774191241e-01
5.471032970397783357e-01
