4.728963985847240981e-01
1.733921069041096386e-01
-5.935619565396792474e-01
-1.369717521134516947e-01
-9.782684610336656039e-01
-3.296191282188096205e-03
7.264769666037509399e-01
8.744309714719975535e-01
5.845401029975350049e-01
-9.763168835888943464e-01
1.452511470248532277e-01
2.640390301755105029e-01
-3.673043687204995134e-02
-9.616843913679340439e-01
-7.125044922248682244e-01
4.921040834317088608e-01
7.288822135677965885e-01
1.070351641798624881e-01
5.795221224951749295e-02
9.898710622946135795e-02
-3.953972004068128515e-02
-5.250538174864046725e-01
9.442697270939308662e-01
8.844775046210834324e-02
2.350797665289461325e-01
-6.449873286488740920e-01
-5.828278919013936132e-01
-7.652213485784526981e-01
-5.422959052063479612e-01
1.651979714212708505e-01
2.957862374505574321e-01
7.075174487803344014e-01
7.466412528362031953e-01
4.362645052508778987e-01
-9.378288976967069646e-01
1.903944252940682480e-01
-5.297059277422757617e-01
-2.637778204749992583e-01
-4.124366836504568812e-01
1.111456777018747927e-01
6.921307298338637004e-01
5.848975025346061507e-01
-2.963365780084056267e-01
-8.265516772005837565e-02
1.735302631450679478e-01
3.770659496880890971e-01
3.742262134000108320e-01
-2.416780679535459053e-01
-5.457004852822677776e-02
-9.775745127969781567e-01
-7.645210552042071006e-01
-2.141644837105640409e-01
1.801760019131148916e-01
-5.246234530650774053e-01
-2.228998767300325312e-01
-4.018256853591328781e-01
6.976176628928639767e-01
8.756211256144882382e-01
8.980326567179531816e-01
1.078386791592255978e-01
8.857722167964775517e-01
-8.096212737598085241e-03
-5.397514831881251585e-01
-8.475729828372744468e-01
-7.573151298033753420e-02
9.960638613261090235e-01
-5.416565501146780592e-02
-8.111858322719799341e-01
-1.067131499658091620e-02
-2.938566318587458315e-01
-4.665000553314113119e-01
-1.535636924649158297e-01
-9.682501060574910667e-01
-2.793379892935382580e-01
-2.025391324843067442e-01
-2.817773643365575897e-01
-1.433461297664919143e-01
-4.030551747525637496e-02
3.543531833916768736e-02
3.458686526785976212e-01
6.174290103315492884e-01
9.815946028632022147e-01
1.765737033171360937e-01
8.684143430437999411e-01
-8.917770933100686026e-01
1.347220872718097873e-01
-8.757630863381670183e-01
-5.146619104872539596e-01
-4.656189429876765873e-01
5.650783613508132408e-01
7.613292991759075257e-01
6.812826570862693387e-01
-7.157790094359792743e-01
2.216630314142465086e-01
-1.246816836153188668e-01
4.181117424234381263e-01
-4.564818539292982424e-01
3.925410813975747648e-01
8.281896759920177598e-01
-7.787667615802154053e-01
2.697207772298738648e-01
-2.304232986397223848e-01
-3.227967145858751108e-02
9.216123801293165663e-01
-2.397697495815958590e-01
1.360850957817831275e-01
-1.757695896765114341e-01
-2.485597728369088599e-01
2.223235821779145915e-01
-4.800059572815392750e-01
-5.950497194902196196e-02
-3.230538625181512136e-01
3.172456898907441425e-01
-5.421161996186000254e-01
7.970149767342816771e-01
4.645202563757361847e-01
6.906293034400201591e-01
5.455566192006494619e-02
6.982762107910014393e-01
-8.189397701187917100e-01
3.382215639334417157e-01
-5.002786231078228119e-02
-7.295889458868617394e-01
7.684005582861548334e-01
3.602534324260882048e-01
-4.782319100467320450e-01
-5.023236105345560976e-01
9.904523775386834261e-01
7.173855082838423991e-01
6.044760357692493535e-01
-8.096532064807756557e-01
-1.981621557615134699e-01
5.310227872447657038e-01
-6.592140360671232546e-01
8.978192578352003905e-02
-6.960198918215074748e-01
-3.688504537681080442e-01
7.246647296728052634e-01
-8.362281745653354914e-01
2.036610935023187574e-01
6.152315148901292829e-01
-7.693806416337232168e-01
3.820041228450665738e-02
-9.080306663281148549e-02
-1.556329005388500386e-01
-3.758980049936331280e-01
1.908578269296966889e-01
-2.795345311469085159e-01
7.818458270047329295e-02
5.134444160364896037e-01
-7.875366673806525331e-01
5.450835337105630618e-02
7.521911975511765824e-01
-7.689249152081513161e-01
-4.080813632203071917e-01
2.455681724989562942e-01
-5.887429930026337743e-01
-5.876455939121080219e-01
8.515019700571977435e-01
-6.135634860348082587e-01
-1.811056943221582283e-01
7.339997731647496249e-01
-4.999241173333339727e-01
4.783452232335762555e-01
3.772510796995216520e-01
-6.012726499325549145e-01
-3.548800226250683476e-01
3.523242699866221961e-02
-5.212426405216339514e-02
9.261453884404985404e-01
-1.292474121889811839e-02
7.874455376482949465e-01
-1.900232319541096671e-02
-2.716191479293439404e-01
-4.283322576350317989e-01
8.657268361327766781e-01
-5.938023840231689832e-01
2.545298575604559854e-02
3.912652254017385811e-01
-9.275044573408564030e-02
3.769335523050018621e-01
-3.670797088879043102e-01
8.284212884543171729e-01
3.747131385735108511e-01
8.850641836020589626e-02
-7.213878723174163010e-01
-6.485883272631907115e-01
-6.763230288205414054e-01
1.740260992487407260e-02
-4.468820267928275136e-01
-2.020404625538780863e-01
4.948452603612160106e-01
-6.185863732334746512e-01
2.472348559530846701e-01
8.831552523655769038e-01
-9.887211752915174845e-01
1.195485923644081794e-01
4.001439424086675190e-02
-2.970734067819699176e-01
-5.995996228755682278e-01
9.937228138241865905e-01
-1.565551587992038141e-01
6.898305603493934957e-01
-6.841181903692975519e-01
2.688567177527352858e-01
-3.952907659570991106e-01
-7.319748263751924000e-01
-6.207372782703758363e-01
-6.735433528585645924e-01
-7.774602389954443638e-01
-7.252947779442728837e-01
-9.705904685035235402e-02
2.366877618165136865e-01
9.994716373565175616e-01
7.688009311172183669e-01
-3.000076159074466231e-01
-7.725437696951606981e-01
-2.309463460921202804e-01
7.460733645211795606e-01
-7.683206152911443709e-01
1.160548460889684191e-01
9.848171661527748144e-01
6.045801976625566621e-01
7.255014871286151745e-01
3.136636127403835683e-02
6.083721228038627693e-01
5.021505604276244039e-01
-8.415777271036612994e-01
8.108344287822133456e-01
5.467180509879409067e-01
-9.208162320636248399e-01
5.861618720383056091e-01
6.349978867224486123e-01
1.127201617691829250e-01
8.895621644218784096e-01
-3.069557480353211076e-01
9.978259637594535381e-01
-2.708228525716336321e-01
1.025481829100275272e-01
9.900592049117110660e-01
-2.899323428991731344e-01
9.834877069337656375e-01
-4.803315058872474896e-01
-7.682285977986836878e-01
8.064170815892717226e-01
9.105441893951385923e-01
-7.781868426978439945e-01
5.531034071338971625e-01
-3.492667927257359084e-01
9.426972440652445773e-01
8.243576075665872693e-01
-8.159311578818905231e-01
7.287855597068091384e-01
-5.886637777356011625e-02
-4.989680896683826306e-01
1.643433723994708329e-02
-4.807162286801254236e-01
4.765054216253500341e-01
7.602880521101504918e-01
-2.614972396419216194e-01
-2.453540123946507667e-01
-6.680492034677978364e-01
-6.996915522742552795e-01
-1.351891872864458000e-01
1.399390548293786563e-01
