7.842739661905441251e-01
5.273902366626794791e-01
-8.610822348319387143e-02
9.713120691761550907e-01
6.557699161257327658e-01
-5.816782792459889162e-01
6.472844118968501537e-01
3.853457857084661153e-01
3.250482134279010782e-01
9.882105859752192689e-01
1.730727960724873504e-01
-4.865856373481698416e-01
-1.000000000000000000e+00
-6.533812217283465618e-01
3.056377106159613444e-01
-6.543533080520970158e-01
-9.582844123106295520e-01
8.802986160754040501e-01
2.540224822858641041e-01
1.000000000000000000e+00
2.892675729243793237e-01
3.592184909780276048e-01
7.363170937119692949e-01
1.285488217506982334e-01
7.466397165819433912e-01
5.819484613933999517e-01
7.375123080827166167e-01
6.308068626499285791e-01
-5.779889208630977215e-01
-2.183314750850849084e-01
-9.757600843955487324e-01
4.139735578062146981e-01
-1.000000000000000000e+00
-1.000000000000000000e+00
1.000000000000000000e+00
-8.256340258671175381e-01
7.849421911200082924e-01
-9.945497102819484958e-01
-8.185177763404704043e-01
1.000000000000000000e+00
-1.711094401505502960e-01
4.030582033095713168e-01
-1.000000000000000000e+00
-9.569366372279417554e-01
5.781855289861156377e-01
2.675780821778052099e-01
-6.662477754651429107e-01
5.990209954974621276e-01
5.674928545697501825e-01
-6.882763981074190296e-01
-1.000000000000000000e+00
-6.276939557791654245e-01
9.651909904639742743e-01
-3.014775864147307138e-01
-6.966016932059031497e-01
-7.978700909396063690e-02
-1.000000000000000000e+00
-3.263553412792427610e-01
1.462448746337433880e-01
-3.761143080021253637e-01
3.891761109274730623e-01
1.893655442194590588e-01
9.608479860049153887e-01
7.384101529104634132e-01
2.696567090790976673e-01
-2.213763644093898753e-01
-8.889279964197312200e-02
-3.102475610152821694e-01
1.000000000000000000e+00
1.000000000000000000e+00
8.877113795193264378e-01
7.397398176088074151e-02
-1.707090892416036620e-01
-8.190099956917570867e-02
-6.765808578081264901e-01
-4.729793175500216496e-01
-5.377386363882497022e-01
-5.389821233895941699e-01
-1.000000000000000000e+00
-6.305177419626098456e-02
5.431675025346752728e-01
-3.735503595815549138e-01
-9.584064977378867756e-01
-6.991657195037493944e-01
-8.439463260575440495e-01
8.247722651339618460e-01
1.000000000000000000e+00
4.103238732891165141e-01
-1.372625359837909009e-02
-3.747822467842221172e-06
-1.000000000000000000e+00
2.157855911505104363e-01
-3.002616107552912306e-01
7.594723455587087946e-01
1.000000000000000000e+00
-8.511154994576566324e-01
2.970211266562798880e-01
-1.000000000000000000e+00
-4.151459340952249333e-01
7.294216362997035796e-01
-3.139334018069061538e-01
-7.801707610789747616e-01
1.000000000000000000e+00
4.517720026809002309e-02
-1.000000000000000000e+00
1.000000000000000000e+00
6.935199066670947321e-01
5.361921376279479290e-01
-1.130742943251008548e-01
-1.000000000000000000e+00
6.165397630105712290e-02
7.403084426613487645e-01
1.044226234442691137e-02
-2.180334409669180407e-01
-3.593567057514662766e-02
5.094629046776996129e-01
-4.822074396917074290e-01
-3.128317321533279349e-01
9.683600224969448611e-01
7.782833134663051933e-01
-9.073980395692511358e-01
3.030248354447789838e-02
-1.469027907983500303e-01
-3.177001669789092375e-01
-2.061743900998092016e-02
-4.824788095724465431e-01
5.478877593567851312e-01
1.414041686023009003e-01
1.000000000000000000e+00
-1.000000000000000000e+00
-4.119477162791503888e-01
1.000000000000000000e+00
4.503785213655812081e-01
4.951475569061167259e-01
-2.449878954581347079e-01
-6.649545628194645230e-01
1.038655932062375054e-01
5.015057298613446735e-01
-4.337035507185986183e-01
-2.267877162548238013e-01
6.481083415197796960e-01
7.968254656122161217e-01
9.486200843104801717e-01
-8.323588013499799709e-01
9.057895877507207150e-01
1.000000000000000000e+00
-4.695232795770434842e-01
8.272145536985063830e-01
2.539999073797860607e-01
1.000000000000000000e+00
1.000000000000000000e+00
5.580739157753726865e-01
4.446251741025293580e-02
-4.940940819814201856e-01
-9.924420847318290440e-01
1.000000000000000000e+00
4.812064613304665728e-01
-1.529533378437336888e-01
5.813495397026868794e-02
2.279014156463955165e-01
-1.443925510323952055e-01
4.069716119463940296e-01
1.000000000000000000e+00
-2.920244140362037721e-01
5.900602840027197038e-01
8.476145526185142609e-01
-1.000000000000000000e+00
3.419286919485283183e-01
-9.571311156738366854e-01
8.198317317154830697e-01
-3.049044115437941072e-01
-5.906246745478683779e-01
-5.858665922582455554e-01
-4.448157817525053570e-01
-1.000000000000000000e+00
1.000000000000000000e+00
-1.000000000000000000e+00
-6.585609627870051552e-01
-1.000000000000000000e+00
5.145542618998094619e-01
-1.602456939066377317e-01
9.362565535285147234e-02
1.305631731144153984e-01
6.921166402886320956e-02
-2.748527580664058556e-01
7.063688729803418997e-01
7.597356932523585682e-01
-8.982335380864576724e-01
-2.307361836895833740e-01
4.127698033797161936e-01
4.454889527405381799e-01
2.120287057647143869e-01
5.259775493628546794e-01
2.307287163361427529e-01
7.728242305859016614e-01
6.662098780149540156e-01
1.062978279820544769e-01
-6.527239369530235535e-01
4.163675560066342762e-01
1.824609110759405906e-01
8.119206054738681289e-01
-9.479353401798230605e-01
-4.173863607093966088e-01
-1.000000000000000000e+00
-5.851030418709350922e-01
4.889655866421743768e-01
-3.627269686303929985e-01
-1.573682895254699954e-01
5.992344692671059958e-01
3.233276067571528301e-01
6.377484144909062458e-01
-1.000000000000000000e+00
5.214611596297116236e-01
6.590628060970443736e-01
8.774947296109725237e-03
-9.222530600914333743e-01
4.851645212889083014e-01
-7.988803433972024859e-01
7.901395211295116905e-01
-7.539043359315916737e-01
2.798215264671616298e-01
9.189300043502082183e-01
-1.000000000000000000e+00
-7.397377366691385570e-01
-4.351273018344534171e-01
-6.567206129358077460e-01
-3.065788735810406340e-01
-7.125140543057186804e-01
-5.239370351258902936e-01
2.863584499055973204e-02
-7.976860221664767714e-01
-9.039671207423511934e-01
-7.386724603027046143e-01
1.673871341269785318e-01
9.836685826154640822e-01
-9.228348676584368082e-01
-7.582218483526138586e-01
5.866162294077656991e-01
6.046022239650153951e-01
-5.889939478691127439e-01
-2.410881536035911488e-01
1.000000000000000000e+00
-4.500066039510213223e-01
3.225083599539016466e-01
-6.201743405617182736e-01
-2.497679305622719781e-01
-6.751519344060972205e-01
-1.000000000000000000e+00
2.804478491016292319e-01
-5.077681174362314032e-02
-5.427085497177042139e-02
2.937398487167226790e-02
3.814771800455853956e-01
2.338707882301828966e-01
-4.142916882854359995e-01
8.757151638928929449e-01
-4.054806550231817575e-01
-4.179018159053180526e-01
-3.831463812555165882e-01
-4.596575015033881328e-01
-6.746201434144418752e-01
5.406284372222528445e-01
-4.921675851017665027e-01
2.062267595079719240e-01
7.093162458499268075e-01
