-5.712035297239643761e-01
-3.079176315232571293e-01
6.429003905367658422e-01
-9.209070105656452787e-01
-9.722333267502247800e-01
-3.321117514521453873e-01
2.576086743855452443e-01
6.940820050713850664e-01
-7.680472478763287203e-01
-7.891575865226232445e-01
-8.778022322085313744e-01
-9.808267960930382445e-01
7.802947691565863542e-01
9.575939386642057238e-01
8.579228362680831887e-01
3.420801784053680017e-02
-9.025316083520728005e-01
-3.712024357782418571e-01
9.384694552524739386e-01
4.739684614709079868e-01
-4.749305594656313412e-01
-4.504745159452955283e-01
-9.575961716779103350e-01
-9.502939078268343720e-02
-7.051121009036411813e-01
-5.589008259413379420e-01
9.807330725167731078e-01
-8.994374074066910918e-01
3.069970075691014211e-01
-4.466673843293583190e-01
4.747885706364307623e-01
8.788060293836619241e-01
5.765636165035543659e-01
-1.815446898657069319e-02
-5.427090635906741678e-01
-6.360602452866177536e-01
8.966122138388833429e-01
2.895513283834392215e-01
2.994869644722883417e-03
-3.195386051046766873e-01
3.518569258900597352e-02
7.084439731522728101e-01
4.391272859713605814e-01
8.398054113322804826e-01
-9.262918754776385821e-01
-1.915754498594820499e-01
5.552057501793411509e-01
6.482982807082964261e-01
-5.046170080158192128e-01
-1.588755136374682408e-01
8.798578332969479998e-01
-1.403580600696030523e-02
8.165004774451840586e-01
3.381251797519746471e-01
3.338546724794207443e-01
-6.017554820534882776e-01
6.166044467413969166e-01
-9.707419575813122092e-01
-7.812302254232845744e-01
-8.454602676915997650e-01
-4.739724844628806499e-01
-2.373457649388663326e-01
8.130500345803274298e-01
3.019633936915185890e-01
-7.386114245640831300e-01
-6.890896993797288594e-01
8.687444095658876098e-01
-2.909111376766765344e-02
9.788182041373709730e-01
-6.865180880967891586e-01
5.127491873408962508e-01
6.436861576660657391e-02
-6.283657600265389886e-01
-9.292347810169001576e-01
2.998608311375148064e-02
1.417675161535367212e-02
1.769080726731188935e-01
9.936562065979859248e-01
-8.587147287214990099e-01
4.352109519102040913e-01
-5.646370531543039029e-01
-8.531898876694767875e-01
-3.310140828207865926e-01
1.042909090914914683e-02
7.114778030236214995e-03
-2.794736606664643963e-01
3.440845298711445732e-01
-9.526757274260448938e-01
1.288010283007879619e-01
4.961626873397930182e-01
4.662091490564385099e-01
-9.938572578952464820e-01
-3.976450329824277735e-02
2.749323147083467256e-01
2.399911195596574065e-02
8.139565239513545380e-01
-7.119253877449390755e-01
5.331254767409334683e-01
-8.708698751211748634e-01
3.352038304507662936e-01
-8.989442929406042948e-01
-2.038947762515547768e-01
-4.543994700683676724e-01
9.122414769633379050e-01
-9.469599216153891108e-01
3.344321478952847482e-01
7.945854652148539587e-01
7.996312688748243858e-01
7.044170478771982769e-01
-3.269331117083040805e-01
6.676384613123154121e-01
7.832192397145601448e-02
-1.540958594318092012e-01
-6.830610373500065613e-01
3.117730247781627662e-02
9.713869033718834922e-01
-1.281826256826410493e-01
7.913719799320005910e-01
2.230709298418871445e-01
-4.264473771650396650e-01
9.996742584777437157e-01
-1.654173611872601368e-01
-8.805783008750535101e-01
-3.996207089845035809e-01
9.258260212031025338e-01
-1.852620620195807866e-01
-9.106247470018591361e-01
-1.490520387228952970e-01
-6.049540378940382324e-01
7.101488732067008369e-01
7.267324777643526801e-01
7.105447321534685834e-01
7.444228637673043769e-01
3.717027998636352470e-01
-8.220545274952943959e-01
-9.981723862836382466e-01
-4.280773909181541104e-01
-4.862233381431511070e-01
2.416147593485946654e-01
8.484419687509945351e-01
-3.272629466329846082e-01
-1.330516390282780737e-01
5.550649682902450976e-01
-8.167532026850548021e-01
4.845136901869562251e-02
-4.280709020466219039e-01
2.324553929267850205e-01
7.356366039702029180e-01
9.412682850904952048e-01
1.353920231608036762e-01
2.640799501105566827e-01
-7.818756344851123252e-01
3.492290822912715864e-01
9.724243985571588977e-01
-4.671738403338467904e-01
-2.399529305127907630e-01
-5.987545908461168187e-01
3.487485051526650892e-01
-1.195934613549652636e-01
3.798815820130211907e-01
2.969492506744900173e-02
-2.572957706619583007e-03
1.345008085898537487e-01
2.141049332992698284e-01
8.743930068381875476e-01
-4.227327018091933120e-01
7.173240459397134394e-01
-7.591381126649004996e-01
9.884555269286237067e-01
1.190182635804407640e-01
1.093671896935977106e-02
-4.407035475805300972e-01
-8.396056402671544516e-01
-6.024575387568604778e-01
-3.905419292910060070e-01
6.171797336887924201e-01
-5.279210311676695300e-01
-8.858502366559836139e-01
-1.603948586717739155e-01
4.481475911440602200e-02
-7.181271653062812899e-01
-7.024484661354912785e-01
1.632852443050854530e-01
-1.687793757755206570e-01
2.296853319414282335e-01
-9.642337644239924455e-01
5.777640584405644431e-01
-4.812995535100398348e-01
1.524401397068425035e-01
2.261246943810509280e-01
2.120073934500160129e-01
9.720346777727977283e-01
5.849833038001143182e-01
3.472238179769389643e-01
4.929057397316446987e-01
-5.169391482644390967e-01
7.733430618760005482e-01
-6.875420961736755654e-01
-4.563639592841667869e-01
-7.545467821184610457e-01
-8.869863485138032577e-02
-8.610258639718362250e-01
-2.879788593026016419e-01
-7.568603009456584818e-01
4.129987798204326488e-01
-2.316319177791991146e-01
-3.852864688352229949e-01
-5.365005063649208594e-02
8.865623855407743781e-01
3.841195715162964430e-01
-9.516623238755205216e-01
-3.757780240002017713e-01
-2.308318489370427828e-01
9.383793962732931426e-01
-2.986872709489835076e-01
-3.856768460578429703e-01
-9.793213799846450796e-02
-6.790143103943238057e-01
3.530673120805816190e-02
-4.513952874225751200e-01
-6.874248439203788363e-01
4.148635112163928662e-01
6.371553877954392320e-01
-3.743206521784280261e-01
-3.193190494700481885e-02
6.511998922443446025e-01
2.930397272061484037e-01
2.972600403599612306e-01
2.974955796663343865e-01
-4.646678853827702627e-01
-9.963810830545350994e-01
-5.198902497984796423e-01
-2.733560694080387488e-01
1.984179627054665218e-01
5.340279273050390074e-01
9.741692063854523465e-02
8.432124561708764787e-01
-7.347196324335181217e-02
2.253887905249828127e-02
8.703854997340014776e-01
-7.433718081412877821e-01
-3.995514948526855958e-01
-9.091677007347089834e-01
2.265452031869456262e-01
2.403354572739188899e-01
4.194181656369453393e-01
6.506617937344056912e-01
3.852828068283735141e-01
-8.929128141239617289e-01
-9.006708880042368914e-01
9.711273792650633174e-01
-3.578936615174729274e-01
8.018874445678403351e-01
-6.225841867341548597e-02
-6.337244510495628758e-01
-4.088092265894545663e-01
-7.452508544098612742e-01
-4.096807090445132027e-01
5.828561078150908958e-01
-8.605879022991078098e-02
9.999477596486340547e-02
4.661978077160469636e-03
5.533419021605650023e-01
-5.332607082260767406e-01
-6.143059817541546980e-02
