2.367300491405174012e-01
-9.916673521560709359e-01
7.397474097176552910e-01
5.642170375513031466e-01
6.978193808376418339e-01
-9.776248885153967505e-01
-8.573502172398209109e-02
-9.389480982506562823e-01
3.810450932543444358e-01
3.633158400793509157e-01
-7.208740161658655499e-01
9.643889833758528818e-01
6.145655020747592401e-01
-5.803138454730654150e-01
1.326595164641465319e-01
5.369331130970012023e-01
-9.884848979653106937e-01
-1.436594198973675240e-01
-4.149376909792257262e-01
2.656472664010840479e-01
-5.809667537871010534e-01
2.189203532139397945e-01
6.480163773157333607e-01
8.028172053294611032e-01
7.728214694537313689e-02
-4.865471379215928205e-01
-7.259505736560833977e-01
1.110959305600527913e-01
-7.554010836331995771e-01
-2.240116911425709678e-01
-8.076216441246678590e-01
-2.380519228829905964e-01
5.657134893099700079e-01
3.267902481712585683e-01
1.615235850280316576e-01
9.857221597222728393e-01
-4.164789423339038121e-01
2.252933554452375420e-01
-8.524720396059035643e-01
-8.867703362266008416e-01
-6.926010638779328543e-02
3.515247626089074706e-01
-3.809979427369802329e-01
9.728597376319150225e-01
-9.599690882241641576e-01
-9.544440237885004619e-01
-5.141251022146718919e-01
1.966775472455054852e-01
8.007649939729897248e-01
9.728340659897696807e-02
-8.692360970989136959e-01
5.288155786433854644e-01
8.431731425814584791e-01
1.457672052325356404e-01
-7.659634521625864334e-01
-8.316323493981703230e-02
8.569733355186867074e-01
-8.973298955460796700e-01
9.999900576810812902e-01
-5.478921039850399577e-01
6.135424069513158996e-01
5.062341981658796675e-01
5.532916511953309691e-01
8.258761340564652054e-01
-5.234595077735866298e-01
1.562319655832404841e-01
1.514374470624281765e-01
-2.422260998622476347e-01
-6.680156517663482507e-01
-3.661684786644930911e-01
2.295943388388721473e-01
-1.357546933370812337e-02
2.341218930815296417e-01
-6.163133860220995075e-01
1.537956689115195230e-01
-7.982739928103907978e-01
6.270788719554908353e-01
-1.328026672504491745e-01
1.416978619265800710e-01
4.038487839424720893e-01
2.873041260685442744e-01
1.759616890757306762e-01
-2.434387193264565263e-01
-1.000200381949396533e-01
9.585263055047179570e-01
-7.773004592646637345e-02
-6.883562622584604718e-03
-2.250274318556044206e-01
1.010969109434336488e-01
5.570482140096034984e-02
-1.286522963610852444e-01
-9.982299805809028426e-01
5.073320487301429260e-01
6.101949667260231358e-02
-7.452800577225348055e-01
5.260867158026527601e-02
-9.014496705982792957e-01
5.227295097603052998e-01
1.192127505764125628e-01
-8.363918557428600131e-01
-9.996352859121482304e-01
-8.330021271490543056e-01
3.396637241676794261e-01
1.005231146513531071e-01
-5.584217011550490772e-02
-5.810231868176584102e-01
-6.819991958947370092e-01
-1.751957450226299395e-01
8.381428068318225177e-01
5.905381541750687191e-01
8.770536711791276918e-02
-3.883923225106050703e-01
9.695427959960272180e-01
-9.282508452930243736e-01
-7.158674349404186010e-01
-5.002249239320150087e-01
9.950883304927846673e-01
-6.725968960278682074e-01
7.783238989226888283e-01
3.801458747306565300e-01
3.301067961290971020e-01
1.391990438977249445e-01
5.148265895243957502e-01
2.851148374449042899e-01
1.178632889872671119e-01
9.803406102707608039e-01
7.599747156129486036e-01
-7.864332444508675968e-02
-1.355735857430868246e-02
6.456839124555227016e-01
3.390416157876744441e-01
-4.947373774888449427e-01
-5.079182844671108477e-01
1.755462402125123889e-01
-3.159914226686286187e-01
3.744422356960752096e-01
7.667983129759925465e-01
-6.722137301486470484e-01
-1.616833117536131681e-02
-9.547123157898317336e-01
-3.025677109670179554e-01
-1.982269245451987183e-01
9.292114780346816261e-01
-1.890836891907998751e-01
-2.111240347308147580e-01
2.668395413996534071e-02
1.056995033448093063e-01
7.558039338204391999e-01
-6.765006695032337314e-01
5.550909666965433420e-01
-9.749483724481189384e-01
2.431782685069729943e-01
6.263912382826068992e-01
-5.172097699972935114e-01
-8.854037270416230676e-01
5.086224893089461574e-01
-9.977117069447127840e-02
2.061630691737657561e-01
-4.536925163330648436e-01
-4.027961845908759608e-01
4.946576350777443509e-01
8.279112091548695984e-01
5.574686013656962036e-01
8.194163284340018061e-01
2.973720939743593195e-01
5.921066244173434079e-03
-7.477797780896946467e-01
-2.480742194509459042e-01
7.889291464080387950e-01
-6.242072758818016931e-01
8.523635981453405730e-01
7.669487179968903501e-03
6.630203582555636022e-01
9.608468309632820503e-01
9.831772756360616095e-01
4.254007902288392540e-02
3.406553772678112824e-02
-5.986893756687413637e-01
-2.666656881483128183e-01
4.183593764693713246e-02
-3.245273515241877682e-01
9.161130048116812308e-01
8.068106789048817840e-03
5.937315695257779913e-01
-1.262277745795885586e-01
-3.915732715376846751e-01
-7.169086637039312482e-01
8.420702167809013261e-01
5.264861263516378287e-01
7.528544699186416889e-01
8.614258501240179555e-01
3.996006300549911905e-01
-5.767186189999059520e-01
-2.196556338565818500e-01
-1.791004206993365433e-01
-7.123461015818954856e-01
-7.231076278474188879e-01
8.733682837941940669e-01
-5.956654387108536453e-01
-1.703011926676371024e-01
-5.387051978296104882e-02
-7.466105797178246295e-01
3.421351018941476418e-01
2.884775830982137523e-01
5.846119041116167869e-01
2.603186792833589447e-02
-3.848953763418356822e-01
8.110486056758056672e-02
-3.768276473614349253e-01
-4.443479639458794428e-02
4.806050669284773758e-01
8.337962699384608989e-01
5.425514944131945572e-02
8.979321582277275393e-01
4.783581948512828919e-01
-8.304984388377311122e-01
-8.004954957240254521e-01
-9.422036332550792759e-01
-6.994162132286450007e-01
-8.484581999517559758e-01
5.253657620974607756e-01
1.533434933409760087e-02
-3.852109159819105400e-01
-3.474719099634384079e-01
5.544561914007288816e-01
-5.642842030535608622e-01
-1.368771916795716859e-01
4.727770711571930295e-01
3.585582985256064448e-01
4.067334973597638292e-01
-9.134019030406662631e-01
5.605284224978733798e-01
-3.278891088950126598e-01
-1.049559812419831040e-01
-4.309097589436375331e-01
6.707983039639235923e-01
6.183331360353594430e-01
2.617159930417717328e-01
-2.912013183456315102e-01
-4.455472992161885748e-01
2.920012338527743223e-01
2.209556528440471956e-01
-8.131354427944750274e-01
-4.862591461770570667e-01
-2.046127688108649867e-01
5.377038748616943531e-01
-6.148871855806137265e-01
3.254986005539129423e-01
6.694014921806221152e-02
4.180316516053930176e-01
-7.313003894318601539e-01
8.209902284577861309e-01
6.498573113816263902e-01
2.558965858137851601e-02
-2.200658485165529754e-02
3.746514129731179921e-01
3.319529637686802204e-02
-5.534138906726153717e-01
4.889317077029938230e-01
9.433129084354222593e-01
-6.071322374129406452e-02
5.520370767512678967e-01
-8.334566555859372894e-01
3.709908909528356613e-01
8.159642056810707533e-01
