-4.465159843001973994e-01
1.000000000000000000e+00
4.830184316916349418e-01
-2.619040745448718566e-01
1.876269272654938758e-01
3.878664192359814189e-01
-9.745127234083212908e-01
1.593513242282913467e-01
-6.324371160894988186e-01
-5.467622025720957346e-01
-3.610820214354846236e-01
3.889506651771908463e-01
9.225842998420130670e-01
7.548661221858233850e-01
-8.937660344171485804e-02
-6.495171714550244113e-01
2.007017506622952030e-01
-8.076640768854433938e-01
-8.748768743036181572e-01
-2.613611407001531495e-03
-3.896868927217766454e-01
-1.000000000000000000e+00
2.403831879257811721e-01
-5.259937870097995960e-01
4.017023361132201487e-01
3.208133324717141743e-01
1.000000000000000000e+00
-7.188798509181792973e-01
8.016250223063871028e-01
-7.986004308546937880e-01
4.746086291736725249e-01
-3.859955008299747470e-01
1.000000000000000000e+00
-2.221554195978889812e-01
8.989452748333347509e-01
1.000000000000000000e+00
-5.325488767651850308e-01
-9.794648814120840985e-01
-9.322945513735008127e-01
9.339215185581283274e-01
-5.652388303329349828e-01
-3.410266863778468327e-01
5.775397678150507863e-01
1.000000000000000000e+00
-6.698424338014364876e-01
-5.790615029857226759e-01
4.557747503722955895e-01
-4.693198485613716553e-01
-7.157415713935877388e-01
-3.913974098060780671e-01
-5.213782271364553189e-01
-4.303780906815323215e-01
4.206349006833018933e-01
1.580957152006944311e-01
5.420787313505082139e-02
8.475191812506842615e-01
-2.427497826033342410e-02
1.888797360075293030e-01
4.961518182432456681e-01
-3.761520336232341832e-01
-5.698310529701727800e-02
-3.667039969905133701e-02
-2.207119312288630675e-01
-4.406012721761699558e-01
9.398159862301352918e-01
-3.165938264492292875e-01
-1.000000000000000000e+00
-6.958714307279598721e-01
-5.465192715735385509e-02
-1.000000000000000000e+00
-1.000000000000000000e+00
-9.363185454555793541e-01
4.485569406386757385e-01
-4.444435627241268005e-02
8.086142620790759405e-01
-8.748352654952092911e-01
1.000000000000000000e+00
3.593687601109951668e-01
-4.866898333166232438e-01
-7.778772034198596641e-01
5.671244967327258024e-01
-6.237815700211621905e-01
6.061846879388529397e-01
-8.779794274431913514e-01
-1.000000000000000000e+00
8.474940415821989870e-01
-1.000000000000000000e+00
2.448638018027262109e-01
-8.098300054830375183e-01
-6.903773211088858330e-01
4.073959833800218089e-01
9.101454113895118825e-01
5.333271936339898378e-01
8.733092581511898711e-01
-1.000000000000000000e+00
-3.904212678527582137e-01
-5.791447784630362472e-01
-3.682399960960241470e-01
5.378088499067573691e-01
-6.976688688368894997e-01
7.699803180014043180e-01
4.019031724285473395e-01
-5.150892247119288614e-01
-5.287047409964145128e-01
9.886844767288509306e-02
7.985469418596179425e-01
-3.754466688344949010e-01
-4.073505988703075564e-01
-4.111825183900551517e-01
1.181752624024447612e-01
3.106064076272156971e-01
9.974643213101576089e-01
7.027720079562764788e-01
5.187922326399507789e-01
2.068614810109983548e-01
8.321972660584289194e-01
8.104086247243628138e-01
2.226761538135222096e-01
-7.929901547630382463e-01
4.201645685146166431e-01
8.075684472179679441e-01
7.756264536789189701e-02
-6.942436657135097056e-01
4.114774598514667203e-02
-1.905449787797847405e-01
-5.643958831529473086e-01
-4.163998834257233717e-01
-4.756752906866509312e-01
-4.890443261647269835e-01
4.749941732951705742e-01
4.131005669388733426e-02
9.510591433531577765e-01
7.274195150176786528e-01
-2.229013726214980340e-01
-5.950369233186563189e-01
-1.000000000000000000e+00
-5.827825910068176185e-01
-8.412561211391680338e-01
6.596578741353871234e-01
-3.697551335759932112e-01
1.000000000000000000e+00
2.608127813362134950e-02
-3.161811375004275892e-01
1.907152099781235788e-01
-3.283237569069994977e-01
-9.041741590776628534e-01
-8.404993681931262062e-01
-5.287410808782733174e-01
-5.846311704963590428e-01
7.430731065903607435e-01
2.036521781193928460e-04
-1.605696615754259038e-01
6.863572485296992598e-02
6.588623437589694598e-01
8.024864739334014452e-01
-1.000000000000000000e+00
-3.153618367076946871e-01
7.095318580299906364e-01
5.204702580769311471e-01
-9.371903647887815936e-01
1.000000000000000000e+00
-4.351017595855603548e-01
1.754209218150735716e-01
8.931325588345643274e-01
5.630793876532197428e-01
9.248241826414114186e-01
6.171026328437785313e-01
1.195214432945899130e-01
8.777732208577034845e-01
9.615217033383068879e-01
7.032183282820533288e-01
6.705329563193794806e-01
-1.000000000000000000e+00
-9.324270157341868481e-01
-8.009100164693903068e-01
-1.530637120888948266e-01
5.975606312772449025e-01
-1.830441045749398588e-01
-4.507705489608127003e-01
2.966453630619472412e-02
-1.000000000000000000e+00
-2.662139224276935390e-01
-3.339854630871385011e-01
8.322651919255651398e-01
-6.375340412182504135e-01
1.419544581662767757e-01
3.099620080775309927e-01
-3.021792203783507103e-01
6.219044203500952994e-01
-4.121412792890594701e-01
-4.286154267768061965e-01
-1.000000000000000000e+00
3.011794439504535958e-01
-4.768123290124502422e-01
8.050452175686225731e-01
4.751423652660756725e-01
-1.477175074267268740e-01
-9.642172976615404068e-01
-4.796458644966261620e-01
-9.397727828349702883e-02
-3.735747932156041617e-02
8.760106136143303024e-02
5.055147142747514755e-01
8.510632313622282230e-02
7.684057995736474078e-01
2.601423917223789628e-01
-4.947431242914884786e-02
-7.004325367171212458e-01
-4.286989541569224960e-02
-1.000000000000000000e+00
-8.347044037411915918e-01
-5.919686814003650710e-01
-5.453318813161828205e-04
-8.452836450921301648e-01
-8.142668642528106959e-01
-2.396475270335691188e-01
9.233231746137706697e-01
6.023026918996322587e-01
8.573847645778363002e-01
5.935075720181215431e-01
3.291229425120429375e-01
-1.000000000000000000e+00
-6.919292045448111050e-02
-2.689052427690941105e-02
4.173357142879065007e-01
-6.784269444672792471e-01
2.638792377977561832e-01
-7.280004240987157926e-01
3.405395583971780882e-01
-3.464148572198048615e-01
-9.703490725012043905e-01
2.895196678219625341e-01
4.712127362841014300e-01
-1.000000000000000000e+00
1.000000000000000000e+00
1.000000000000000000e+00
-8.557133231549157726e-02
-2.136702127037593546e-01
4.691282351702870113e-01
-4.484779995150028897e-01
-8.591257048182989742e-01
9.798767993006988197e-01
-8.642367390291793017e-01
4.652553626292948996e-01
-9.019576290173967337e-01
-5.322909481358824024e-01
-6.870932140820764644e-01
-7.031335791880898300e-01
5.419490238616269107e-01
-1.811238381173082557e-01
5.934855207387177423e-01
-1.000000000000000000e+00
9.812078407355104837e-01
-1.134339531788847721e-01
4.556599273851856258e-01
9.638816892980479611e-01
2.757085056025570524e-01
-3.215826764075901401e-01
9.824999816047735868e-02
-5.160944189209615285e-01
-1.319633142439333162e-01
-5.912300779550192509e-01
-1.000000000000000000e+00
-1.027692638018360971e-01
-8.928649137765380939e-01
