-4.526578465621973746e-01
5.038306824879623669e-01
5.267595189107513454e-01
4.951096608531374565e-01
1.000000000000000000e+00
-2.275790359551644604e-01
-6.032462515414029891e-01
2.071387359171356357e-01
8.306265791162203982e-01
-4.991946224535141474e-01
-7.863560232515198756e-02
-4.700877595870160408e-01
1.000000000000000000e+00
1.000000000000000000e+00
-1.000000000000000000e+00
3.412146631770718308e-02
8.975059911266870527e-01
-7.713083611608197998e-01
1.000000000000000000e+00
6.560597870282963706e-01
4.669018238018323164e-01
-9.911025052450357364e-01
-6.926817963882361262e-01
7.537969104059207837e-01
4.810280099308360535e-01
-3.561084407124365248e-01
-9.035139608691780122e-01
-1.000000000000000000e+00
1.000000000000000000e+00
2.075802661186948450e-01
-4.115594076783729571e-01
-8.622182371624492747e-02
-8.504268279650886164e-01
-6.474010763414150826e-01
-6.412927725797400169e-02
7.823660868445718730e-01
-1.000000000000000000e+00
1.016737953493667135e-01
-8.947202988207836327e-01
-1.710966569157282846e-01
-9.669792093296964985e-01
-2.296241374527542289e-01
7.486497707024306614e-01
-1.029985144187864909e-01
-3.527988860723928199e-02
-8.858784214021912795e-02
8.375220294038425717e-01
4.364511773841689424e-01
2.579862872309308663e-01
2.991103166662776314e-01
2.434952299305241374e-01
-5.431009638332264799e-01
9.248887255934225005e-01
-7.094157839365933249e-01
-8.617134078466748281e-02
8.785965318903367349e-02
1.000000000000000000e+00
-4.962720471622535934e-01
-6.525072173369894646e-01
1.900224530348418872e-01
7.882051058110204345e-01
-2.834326766371979001e-01
1.000000000000000000e+00
-5.483351900179587179e-01
-4.476476265692597156e-01
-7.405098625662833722e-01
-1.000000000000000000e+00
-4.794030728504528049e-01
-3.649540872358624233e-01
1.241110719698402531e-01
-1.107570371048960389e-02
8.818904536689383677e-01
1.000000000000000000e+00
-3.920335251412919164e-01
-1.769505413158771467e-01
5.582487167132841321e-01
-5.612574937903979100e-01
-9.692154294455432861e-01
-7.218816603270897803e-01
5.836583896963065676e-01
3.148770586144378214e-03
1.000000000000000000e+00
2.184070959609864526e-01
2.252442319090211531e-02
-6.132047238762460273e-01
2.512000697970516727e-01
-4.676216513126354446e-01
-1.000000000000000000e+00
3.604325009627028509e-01
-3.535354592148816644e-01
-1.000000000000000000e+00
1.554940275559658081e-01
-6.943974818914577796e-01
3.289587498029050705e-01
-7.575921516102458453e-01
5.141605056299902721e-01
4.957331966745908702e-01
1.000000000000000000e+00
4.393438493021449842e-01
1.254317588137654482e-02
8.683224718133188968e-01
-9.608961343948165812e-01
-1.143336721759555807e-01
-4.901669954977022625e-01
-1.000000000000000000e+00
2.093203927884181581e-01
-1.000000000000000000e+00
-1.000000000000000000e+00
-1.000000000000000000e+00
-7.341802194662071512e-01
8.504707136474480844e-01
1.000000000000000000e+00
-1.000000000000000000e+00
3.325387580512076391e-02
-1.000000000000000000e+00
6.398940958033345616e-01
3.422142506828701469e-01
9.383210410715204786e-01
-4.319839829980136603e-01
-6.291909891578817415e-01
2.994509983433643607e-01
4.816495943469939478e-01
-8.544286114847494673e-01
7.154885115811896457e-01
1.729816937857462378e-01
1.608260431130006107e-01
2.801079970003898523e-01
-2.206913886242239942e-02
5.066940725796045264e-01
6.022807040661961597e-01
-9.614489024494223823e-01
-7.806387844581960112e-01
2.691069298987042724e-01
4.903280939717710174e-01
1.707209995442596218e-01
5.145373383833197201e-01
1.000000000000000000e+00
-9.613946734964324836e-01
-8.796236204555241134e-02
-9.496864107177173109e-01
-1.000000000000000000e+00
-9.031620651725671411e-01
-1.620695209988509689e-01
-9.395747143973109949e-02
-4.075515694965323732e-01
7.337614763861849410e-01
-4.763782374952005849e-01
-1.000000000000000000e+00
2.094660337774362779e-01
-2.123883567432297559e-01
-9.765929518709436374e-01
8.891143541515541537e-01
-8.282187904988624894e-01
4.325769141114260141e-01
-6.816960640479655664e-01
-9.236215057818879526e-01
-3.632074436398662898e-01
2.259793581468858004e-01
-4.984266055532837747e-01
-2.942700047341517688e-01
-7.678509650591562874e-01
-2.572292313250692519e-01
-3.584103970217489277e-02
-8.634645344085517538e-01
-6.018242046665580602e-01
2.012169428753786682e-01
-5.916191999981348371e-01
8.594566730354168405e-01
-2.650387331500185795e-01
1.629950997353988851e-01
-1.000000000000000000e+00
5.538761212166168346e-02
-8.259138514670387732e-01
-7.390272610457377933e-01
-5.006123834311571041e-01
-8.946471385494669804e-02
9.299061019205751011e-01
3.300766242968706243e-01
-1.000000000000000000e+00
1.162330781544504560e-01
-1.703679586990787254e-01
4.663772501565053297e-01
-6.110853144409811311e-02
1.000000000000000000e+00
-3.207042835919923229e-01
-7.512806111217080751e-01
1.038936417007246538e-01
2.793824247352148515e-01
-5.818443570086110350e-01
8.048620985859451515e-01
6.869199193587568475e-01
-2.613932059109920214e-01
-2.911305183467102209e-01
2.179128825124445473e-02
-8.348460441723827286e-01
4.191296103336057399e-01
7.364055972508205539e-01
8.873165738823781679e-01
-7.170653118759781064e-01
-6.121166009655043538e-01
5.518557822806452462e-01
-7.451427587422276844e-01
1.000000000000000000e+00
-7.073300400286290646e-02
-2.775543819835822323e-01
-4.036674385478603577e-01
9.983865929225292923e-01
-5.459978645796060848e-01
-8.096136619814940927e-01
-6.225685178630288030e-01
-1.000000000000000000e+00
-4.439290351792270495e-01
7.849866070466553492e-01
6.650420182619752874e-01
-7.713616357317515382e-02
1.000000000000000000e+00
-5.200482902987074718e-01
2.416238773189241518e-01
4.990114696593449528e-01
-1.613491412498808120e-01
6.605586580852079726e-01
2.222545680512379995e-01
1.459046697034111495e-01
4.832280219310607916e-01
1.000000000000000000e+00
7.753563679847812473e-01
7.234817304944155536e-01
2.219394639469975394e-01
-5.198049450598986043e-01
-1.000000000000000000e+00
-2.198976579008095067e-01
-5.810828359370753260e-01
1.948850225194573849e-01
-6.762790998081686933e-01
-1.327406473553705002e-01
4.364362013435937881e-01
-4.576204960231887720e-01
-6.140773144895079749e-01
-7.145473217085562823e-01
-2.764127747569464222e-01
-5.626695449257770321e-01
1.000000000000000000e+00
8.907020238212061125e-01
1.000000000000000000e+00
5.808437227799643221e-01
-1.751606228764220896e-01
-8.298944321986885253e-01
-5.341559034631880865e-01
6.035880471711552175e-01
1.000000000000000000e+00
-7.716422397442255221e-01
2.088743029338288038e-01
1.000000000000000000e+00
-7.048291198442391270e-01
6.958938945930489561e-01
8.962853058405565454e-01
-9.769801619538289739e-01
4.545090375986944320e-01
4.302737637416666483e-01
6.467499974301523791e-01
6.409251983768350369e-01
-4.967194184552264913e-01
-6.942205235565495069e-01
3.665386767690606007e-01
-1.329698247409034639e-01
