-8.388792426030202698e-01
-1.098534303691468678e-01
2.559539085848264728e-01
-3.921642611795453925e-01
4.602335416164177184e-01
-9.361588920883875953e-02
4.488327019519885441e-01
8.787397761321104062e-01
2.611312337796309890e-01
-7.331422519934418514e-01
9.039699919779755621e-01
-1.000000000000000000e+00
7.604402295846518500e-01
-9.362110621640894470e-01
8.371402339032349982e-01
-8.060542690548583300e-01
3.470939684635396816e-01
-3.939110766154293453e-01
-1.316818191963733120e-01
-6.786552696373520099e-01
3.972001611577808955e-01
-1.574682050959000101e-01
9.652106862139276933e-01
9.241782147142332260e-01
9.649662515576491462e-01
2.330668396517535101e-02
-2.447613509510544461e-01
-2.272968758502600384e-01
-3.607441183222257486e-01
5.152418567315608655e-01
9.868881724191358451e-01
3.069686150728472285e-01
6.400900928346449081e-01
8.280900712021488363e-01
6.861611650827623698e-01
1.000000000000000000e+00
-1.000000000000000000e+00
9.540493288417269957e-01
-4.598027085247954338e-01
-1.000000000000000000e+00
1.000000000000000000e+00
-4.384771524044314139e-01
-1.000000000000000000e+00
8.084504237658709513e-01
1.843634579430504794e-01
-1.000000000000000000e+00
6.848843319780673067e-02
7.904643115147641508e-01
-5.562892927784210961e-01
4.974975082605959109e-02
-8.488956506082159237e-01
5.171620825337397420e-03
-5.151342674554745260e-01
-7.278413760419191192e-01
-1.000000000000000000e+00
-7.778915830812122012e-01
-1.000000000000000000e+00
3.911307348171964571e-01
7.040169874176462894e-01
1.313263967556417833e-01
8.534978118226579369e-01
6.473514313144272669e-02
-9.190757004588974155e-01
-1.000000000000000000e+00
1.000000000000000000e+00
9.763061472614165126e-02
-9.408842699266353748e-03
-7.069963966521616294e-01
-1.000000000000000000e+00
6.915424279893296333e-01
1.122929501715234646e-01
9.846196586967584929e-01
-9.717784594451812641e-01
1.000000000000000000e+00
-5.577964546042875060e-01
-6.880184351979520274e-01
3.985856482555805158e-01
8.791390166849368804e-01
-7.113951839102763408e-01
1.000000000000000000e+00
-1.270398207658622325e-01
2.430503605996686689e-01
1.000000000000000000e+00
-1.000000000000000000e+00
-2.836874714138177822e-01
9.413698782653283637e-01
-1.000000000000000000e+00
-1.000000000000000000e+00
-6.611077139858037577e-02
-1.147927062289026134e-01
1.000000000000000000e+00
6.021528807380962522e-01
-1.507121179064783156e-01
1.692139502317396016e-01
6.573485356982979866e-01
7.967245799919864258e-03
-3.649842687677359865e-01
-7.517095055674853921e-01
-8.199075023791316807e-01
-5.354626156434875162e-01
5.812023737719667071e-01
5.776855138780218057e-01
-2.067901284180532484e-01
-9.253952368303579590e-01
-3.710343862439585694e-01
-7.925856335808414421e-01
-9.063852551245636935e-01
-3.004276914514563690e-01
9.411883577962024683e-01
1.000000000000000000e+00
-1.449810991077630784e-01
-4.595689699170922571e-02
4.378112615413982112e-01
4.742589288384541080e-01
1.000000000000000000e+00
4.785596546029706744e-01
-5.461795933660845703e-01
5.601246551151161102e-01
2.806357326477192382e-01
-9.386379128839306141e-01
-1.000000000000000000e+00
-5.397572456891854831e-01
9.779589240048101040e-01
5.906737363690456322e-02
1.000000000000000000e+00
1.695399935076038755e-01
-1.705156705600838762e-01
-1.000000000000000000e+00
-1.396561321860450566e-01
7.800120704295765428e-01
-4.469086470048415638e-01
-1.533981596807429404e-02
-3.379394550445926626e-01
2.146169902473502589e-01
8.155683853917807813e-01
-6.755029774252201413e-01
-1.000000000000000000e+00
-8.404598618067588012e-01
-1.000000000000000000e+00
4.673569594065755117e-01
-6.012980574044122228e-01
-4.375887882983306443e-03
-1.000000000000000000e+00
4.910993979693576428e-01
-5.800486579102741569e-01
7.350020187012870077e-01
-7.797113903186754236e-01
-7.629598720786523458e-01
-3.431129134782462398e-01
1.000000000000000000e+00
1.873539747700897484e-01
-3.501894405685166967e-01
5.996651882519867804e-01
-7.037551762865299487e-01
8.409728195625740810e-01
-1.000000000000000000e+00
-1.573570388312562351e-01
-2.635924055792391307e-01
-9.467319265954822205e-01
5.482259338153169237e-01
7.086593372762102494e-02
2.199819738318332663e-01
-7.435824327609796836e-02
-9.322430847858822478e-01
8.260562053431230733e-01
-8.429770878244757792e-01
-2.887077903595824946e-01
-5.182807933432400649e-01
5.423489633918813224e-01
1.000000000000000000e+00
-5.107911103672709840e-01
-9.831224141796587879e-02
1.000000000000000000e+00
4.215882742588122900e-01
-5.845155218648110385e-01
-1.000000000000000000e+00
-1.000000000000000000e+00
-1.556047091311977826e-01
-1.423175461626155491e-01
9.234486049131034047e-02
7.118420028350906925e-01
1.902658710118501073e-01
-5.029107209368108844e-01
7.441660003318754935e-02
2.724474125756317644e-01
9.918317662386497702e-01
3.680556163161332051e-01
1.539640714650359343e-01
-1.053314593449148628e-01
9.294283874443005633e-01
9.160867755416280955e-01
6.281742847560678467e-02
3.961942264492411825e-01
2.195447972063821196e-01
5.190079185656777394e-01
-1.280137596413616075e-01
-9.963509800279034545e-01
-3.467992931413983460e-01
6.838446634818070580e-01
8.505827290578004130e-01
-8.350642596084010272e-01
-1.000000000000000000e+00
8.754243752660186839e-01
6.103349521346947970e-01
1.000000000000000000e+00
4.463508208289125312e-01
3.307158731011087816e-01
1.978353575412126752e-01
4.453956859476501107e-01
1.000000000000000000e+00
-5.577060559497434289e-01
3.484619735273006280e-02
-2.640517164271592720e-02
5.960499227946183254e-01
6.429974180726252264e-01
-1.846573098744522246e-01
2.147764046148901151e-01
-5.415636514027835635e-02
3.939130619784717569e-01
9.143466017121230915e-02
-4.707671691850482398e-01
-6.196451292839690039e-02
-1.950625308943043368e-01
1.000000000000000000e+00
-7.546967275498438488e-01
-5.814243965976582107e-01
-1.369269486656171098e-01
-7.716382102486674111e-01
7.537441166511203994e-01
-5.001993777159582932e-02
4.966209323952794352e-01
5.993130500953765954e-02
4.245346508239437600e-01
1.500595967551847931e-01
4.616723043213491473e-03
8.683692209020468233e-01
1.588344406816062926e-01
1.000000000000000000e+00
1.520760260110189110e-01
9.138052140046267757e-01
7.948432610292048839e-01
-7.209208263476320211e-02
-4.707851354496630503e-01
-5.415787225328119181e-01
3.951470843474323980e-01
2.166602301582020162e-01
2.325353408377430209e-01
3.208971456096334496e-01
3.135794900611417191e-01
3.309034358358889927e-01
2.954212189817959078e-01
-9.859769544495926574e-01
2.979167158825127837e-01
5.097938239391544002e-01
7.132058064506642259e-01
-1.711388897302445755e-01
2.092423039643733773e-01
9.326343511023523769e-01
-7.640861119898578746e-01
-1.918286591155641541e-01
-9.019291040122980885e-01
-3.209632562335903300e-02
-4.435525540429067215e-01
-1.000000000000000000e+00
9.590625975374670320e-01
