-6.699623355969477334e-01
-6.307272562650783065e-01
-3.386609076609025104e-01
-4.514954930916331155e-01
3.507594505260016593e-01
3.435454918677517955e-01
5.772124677443952745e-01
-9.177750656807789342e-01
-2.108335827567824616e-01
8.042582747552654010e-02
-2.312553384493840625e-01
-3.480318055862404170e-01
8.767995329154375517e-01
-2.547335496391194831e-01
-1.991935508600000126e-01
5.788230722875538081e-01
-1.000000000000000000e+00
5.381491543600916971e-01
5.604139239886691409e-02
-9.258892135765331988e-01
-7.838033645783304415e-01
-7.896699854620993220e-01
-2.869621232451047832e-01
-9.256636319065738583e-01
1.833539209724093233e-01
-1.682314028210308426e-02
-6.519389762999517890e-01
-7.534572790169907774e-01
-7.787255391196158394e-01
-5.221729986704926052e-01
5.281545946980977790e-01
-7.727455431451407675e-01
-6.592342743738001110e-01
-9.606390297182345606e-01
-1.130370654704435374e-01
3.175371884472528161e-01
-6.818234506386018356e-01
-7.487661986379798851e-01
5.134917995081202113e-02
5.208260964757475131e-01
5.186460594687527514e-01
5.993347266264972273e-01
2.962613089286076362e-01
9.289344760609041796e-02
8.173339443886049605e-01
-9.901518378541791510e-01
-2.900189528906050862e-01
7.197868773477585913e-01
-6.384406531184461109e-01
6.982831877526011199e-01
5.926514205680075698e-01
7.608309639893601206e-01
7.525641458295518893e-01
-2.242680681049683544e-01
9.737819941177157101e-01
-7.986606269700963212e-02
1.739897076059147840e-01
3.728631886313623078e-01
9.162712232641617716e-02
3.349830522709124070e-01
-3.852254018256242585e-01
-2.508124848143914454e-01
-6.328435153144729153e-01
4.373284036668146357e-01
-3.809234534501205749e-01
-6.636039968283464763e-01
1.077874372068785835e-01
-1.698535304141898794e-01
-1.191762930444169311e-01
-5.170135821824758393e-01
-6.260221561470986629e-01
-8.513865611562839719e-01
6.719313974240206377e-01
-3.086347606457089110e-02
1.390302236517607960e-02
7.628909323993706693e-01
3.597665512878060468e-01
1.932858767281332713e-01
5.439240274588642149e-02
2.039789497066218094e-01
5.486157592633278401e-01
1.118771760349002442e-01
6.200115370608442200e-01
-9.061489472196467831e-01
7.819817081914116619e-01
3.577958212433124952e-01
1.313729452087325500e-02
3.178497347692141317e-01
5.742015994680321755e-01
-7.090298885884441793e-01
-2.942828148611127959e-01
3.216460902935211474e-01
9.199096727114476346e-01
7.905893518698092759e-01
-6.479033277154524484e-01
1.143552936661164504e-01
9.805499509253521317e-01
2.816514342327703924e-01
5.521464439154588622e-01
5.780874147686350106e-01
4.052090258710658310e-01
4.883048035245239893e-01
6.236098749313607748e-01
1.540276821941995444e-01
-8.132633770908868076e-01
-8.262245532340497522e-01
-5.443705198903998621e-01
-8.242070699656285360e-01
5.690159562723769993e-01
-6.595217676955809072e-01
7.546414215454463337e-01
-6.410885303721154671e-02
2.505904947926244630e-01
-8.548263609181183664e-01
9.486030310831796708e-01
6.210132304727502550e-01
-9.492284826922345875e-01
-5.548172917223015421e-01
9.052303838413947590e-01
7.308733693084970007e-01
8.005254932732115414e-01
-8.873089095134611970e-01
4.117934909581762171e-02
6.126240524507090557e-01
-1.156609269182340416e-01
7.746800693396012072e-01
9.057117982939449918e-02
-1.996948073957327263e-01
6.579333542803099677e-01
-4.027467036766740893e-01
-2.817421495116385066e-01
-7.065703948489163722e-01
3.324687572735927216e-02
5.903771806313306003e-01
-4.531895555730013903e-01
-1.957194376752977583e-01
2.608968392770862899e-01
3.011386549336153573e-01
4.493508720191362049e-01
-7.304977399267568172e-01
-9.493839602205178529e-01
-5.257178370254664834e-01
4.198562858714631751e-01
6.619030176313911440e-01
-9.197968777912619576e-01
-3.079982712042989706e-02
-1.863964393697316868e-01
6.202067661050543190e-01
-1.585599400640291812e-02
6.947109906871240526e-02
3.751491220020466977e-01
-9.488912045276760576e-01
8.517056948566570362e-01
1.211253202851607647e-01
-9.050973076917984139e-01
-6.262309058419549546e-01
8.668511243814913669e-01
6.456463066815657514e-01
-1.421225527125284938e-01
5.736244349622821037e-01
-3.379244474406368770e-01
-1.291670975741102678e-01
4.253367965498932590e-01
-9.479509260418728100e-01
-6.737096996728660914e-01
-2.293400975647413020e-01
7.636676758078380090e-01
-4.856632552448177376e-01
7.732350823741096502e-01
-7.626799907486048191e-01
2.412384952031300933e-01
6.422811094674369947e-01
1.423254951091473819e-01
7.712017633509018477e-01
3.120482163897105865e-01
-4.145668031015911081e-01
-1.162854838047780448e-01
-5.388305429734394775e-02
4.141289067659943424e-01
-7.151112041939587938e-01
4.770687257601393672e-01
-5.912963656692918901e-01
-5.845724374632371712e-01
-2.660248594144574291e-03
5.178770675751529495e-01
5.588888041967677855e-01
4.469426446830479516e-01
-4.499854385991436945e-01
-3.856901557546256742e-01
-2.752687592843682252e-01
-7.374576799250898151e-01
2.345391482147451620e-02
-3.382336478508337491e-02
-5.078690149405477028e-01
-1.373984503992271566e-01
3.764033725401237374e-01
1.717918600295660903e-01
6.176718515600421178e-03
5.489659525791447114e-01
-1.808302131305354610e-01
-9.952716436161034297e-01
6.080332538201296266e-01
5.483639438953796796e-01
-7.697120460555955113e-01
-5.504225030434675148e-01
-2.116042925999551128e-01
2.260015530884664781e-01
6.729697862480049642e-01
-5.011812626980900465e-01
-7.489666086587409843e-01
-1.000000000000000000e+00
-5.189222506829928028e-01
2.018037435763653242e-02
9.840765057650142644e-01
7.123528274066850408e-01
8.363295424454006977e-01
9.271126994183390702e-01
-7.930908166934583781e-01
-5.644661278100948643e-02
8.019403633468749071e-01
-2.232266651778963273e-01
-7.643125632804380620e-01
-9.288283848829840261e-01
-1.410666108666204233e-01
5.682624611525051161e-01
-3.120897061966576014e-01
6.474064485062074326e-01
-9.765183628122829917e-01
2.569094084413493517e-01
1.515751947820849488e-01
-7.000667004548751793e-01
1.666074011182580028e-01
-8.783605850792591818e-01
8.225987179551189077e-02
8.885714094218040426e-02
3.260410889934707290e-01
-7.721274321131432750e-01
-5.472595613819193350e-01
-9.061327058557624436e-01
-9.433146187499468205e-01
5.757123835308065596e-01
-4.050172980947470136e-01
-4.475881819626348346e-01
1.257310390840109260e-01
-5.344599730838038854e-01
-7.685291235954305744e-01
8.877328618826533235e-01
-5.999712095560649772e-01
2.763043399260968203e-01
-1.702647782503332596e-01
9.607040422981341088e-01
-1.237029052259230183e-01
-8.985564466386894988e-01
-5.301328842279315889e-01
-1.930574804869913952e-01
-7.503450192244627281e-01
-5.707045329401643219e-01
4.041865528087482673e-01
8.062916754557900578e-01
-9.514896190881421134e-01
5.016471574259095956e-01
3.382203044096704914e-01
-2.076271129598812326e-01
8.564292642135755695e-01
6.525016264200576011e-01
