3.916652999334930274e-01
-7.321402158736760590e-01
8.212566855607347227e-01
3.062040435689271645e-01
-2.061537316900757810e-01
-6.093366181658860237e-02
7.057708733607133134e-01
5.423711772358722483e-01
8.732630217459798061e-01
5.652282073519727668e-01
-5.131131551546519454e-02
9.923782509581842159e-01
-9.735301677032294210e-01
-4.607749726944860846e-01
9.485112781676405813e-01
3.601248646188967006e-01
-3.202462645262417751e-01
-5.013277915885193670e-01
8.178739323754171675e-01
6.041671299111495141e-01
3.732320471836992337e-01
-1.620472183244640874e-02
5.862246679730962473e-01
-6.065218496194002551e-01
-1.307538284080003166e-01
-2.929596116609503587e-02
-6.754296223902578333e-01
4.348087334226387046e-01
2.429214343192973857e-01
7.357167790064231827e-01
-8.741205186050411413e-01
5.442944918001257903e-01
-6.903925659434356765e-01
-3.592224705306040211e-01
-3.678794245928361795e-01
3.825475915088323298e-01
7.345845623610317565e-01
1.173275094675692853e-01
-3.344720057797012092e-01
-8.173334317654792347e-01
1.895205262035003224e-01
7.121524791511345542e-01
-6.984826398997062702e-01
8.045668280787352522e-01
3.186124625304228020e-01
-2.809186768914226917e-01
2.558292777242310301e-02
-9.743977345743992657e-01
-7.144541359206454390e-01
-8.091774977366766874e-01
-7.103281318304870418e-01
1.079505688424904769e-01
2.911341168823076697e-01
7.307314999781205911e-01
5.958772966311963737e-01
-2.366259718962155090e-01
-3.646601831317592968e-01
-2.372839910956381360e-02
-1.233228000584563611e-01
8.042526552071591617e-01
-4.956522730252453934e-01
2.854391239700130312e-01
9.691093701111599401e-01
2.517122304552352752e-01
-9.271361389139283204e-01
-9.843375998159907825e-01
7.448237695872563791e-01
-4.351770958850322835e-01
-4.101931168592695132e-01
8.821184891358883062e-01
-6.888157277529964873e-01
4.393577258958723530e-01
3.070886239047756483e-01
4.364806314579446345e-01
-7.460143135878055665e-02
4.064979716404867882e-02
7.572457873038310749e-01
-3.561829266056064647e-01
4.354430622333921308e-01
-9.221033303397272451e-01
-5.583644217338387117e-01
-4.584197067170420747e-01
-7.034333093415523486e-02
9.628395916107902464e-01
4.801625091730040706e-01
-6.452072909853810989e-01
-4.274423701417324750e-01
-8.332379246377947801e-01
-8.985349488015055286e-01
8.357042180389480102e-01
-8.998132693221718714e-01
-7.342311473197440375e-01
4.737378109775386981e-01
7.431073909713016290e-01
7.705311333514701655e-01
-2.753693624778439375e-01
7.354772466397949682e-01
-5.201350337535242119e-01
-5.845926523209042935e-01
2.544907962550774227e-01
-7.825689213920322684e-02
4.747323209144795886e-01
-5.077621845503363929e-01
4.403119748059558525e-02
4.707375211531804049e-01
-2.316667450889626778e-01
5.913772290557071099e-01
-5.918533174654460050e-01
-9.450311112717566520e-01
-8.706740318239382104e-01
5.994873495438790556e-02
-1.850667375587735641e-01
-1.401803229736014456e-01
-1.456370310355097342e-01
-9.750219932086852115e-01
8.392028939271567456e-01
9.689210424781474762e-01
-3.019267303660180257e-01
-1.417898080325171173e-01
9.804511461411969941e-01
2.706999020664200839e-01
1.443005622850654923e-01
-3.948758147236465232e-01
-4.772866089622296304e-01
9.413441888765379240e-01
-6.708217999896679551e-01
-7.572668472469518131e-01
-9.992842178218358518e-01
-4.057171739335426186e-01
-8.386345216432967709e-01
6.285321710564474307e-01
5.237857970685376729e-01
-5.497409031792422907e-01
-2.706500421521399469e-01
7.151382536377856036e-01
1.699063396324527186e-01
4.346387943174537249e-01
6.188988272330551155e-01
4.023222993594145758e-02
5.530339876624541517e-01
2.155482188897837881e-01
-1.017578116341775335e-01
9.085068434499896650e-01
-4.532041238629878621e-01
6.955555641715490678e-01
5.709820728134360479e-01
-3.999839503514400763e-01
8.533398756079645098e-02
-9.938987682248214828e-01
-9.637430495277539144e-01
1.227856639496013591e-01
2.291502325747819813e-01
2.075954577808064305e-01
-8.976486324281996998e-01
-7.797392797038238399e-01
2.281946455270043861e-02
-4.977318849224197927e-02
-6.490033309108044213e-01
-2.768002523351753563e-01
-8.868564311901527830e-01
-8.403616161808374896e-01
2.969967829094583567e-01
-9.009383588787056585e-01
6.492578853469227473e-01
8.502755496136206459e-02
-1.298487459863531812e-01
-5.259751785520885292e-01
9.190261396321686149e-01
-7.530183854928443332e-02
1.598499881875087292e-02
-6.095475684482766221e-01
9.188701676119371831e-01
-4.396109795673752152e-01
1.038593068916740803e-01
-7.562524368629930382e-01
-1.240783991601619174e-01
5.241113671420525311e-01
-9.517239857767247901e-01
-3.726070307660246383e-01
-2.250207772708099352e-01
6.279451844094930957e-01
5.216461819348797713e-01
-5.346997217095902366e-01
5.026917293870079018e-01
-9.929296606622909360e-01
7.547285218640855664e-01
-3.498869237843660329e-01
1.276805299302009034e-01
-6.624730830427509876e-01
-8.372931072356100124e-01
1.520265176567829057e-01
-1.045179594038342374e-01
1.691129962800265174e-01
1.260029001449426422e-01
3.396681152705642859e-01
-4.036847390826858728e-01
8.648929796770181699e-01
-9.124315677630062682e-02
-6.997020381567546909e-01
-7.341597027598186775e-01
2.603212624580399925e-01
9.874313449965304024e-01
-6.349133275038641999e-01
-6.354637679594180577e-01
-9.953337494567292554e-01
-8.998406064025182838e-01
4.265239086014190328e-01
-9.867279817133509656e-01
7.542834463441051573e-01
-6.905605634599222276e-01
1.695429489844643145e-01
2.290167292819003109e-01
-8.737263271037821744e-01
7.215603863036873511e-01
3.328871487628093373e-01
-5.197661551130839941e-01
-6.455608341269746253e-01
6.982255208493278742e-01
4.342509699198859874e-01
-5.290152603236206730e-01
-3.899311976635067012e-05
3.279319467387337705e-01
6.523148113405264903e-01
-7.409317632080132388e-01
2.323726557022413527e-02
9.964697921376373113e-01
8.017498959957927163e-01
6.293283290441690214e-01
6.560215351671914163e-01
-9.973247476875164441e-01
-1.742091219505041977e-01
9.567567762139471688e-01
3.377360422639257287e-01
1.673640116667908517e-01
-3.945990872257070237e-01
-9.999055718024693062e-01
-5.418352745439067863e-01
-1.833091319495009086e-01
-7.330371154992531002e-01
-5.321672880001743211e-02
9.456357795070944317e-01
8.913582526145897855e-01
-6.901267017041563534e-01
-9.557186032262313669e-01
1.482837257557974020e-01
-3.734486099125696179e-01
-1.491481028719551516e-01
7.311133306336352611e-01
1.257530338877470011e-01
-6.220812975638887465e-01
5.450674987375211389e-01
-7.974062263562580188e-01
5.828562557612625428e-01
8.107600535530059549e-01
7.618589232807119194e-01
8.263008829241208497e-01
9.778769206794003521e-01
9.173877163864763151e-01
4.188961488684085910e-01
8.399108941711053156e-01
8.896554818013879817e-01
8.104286801303732801e-01
8.963178875252180156e-01
9.441402079931160429e-03
-9.994761094245013799e-01
