-9.022823631901149000e-01
-6.376051370424421494e-01
-2.443253466946456454e-01
3.018911166830894333e-01
-5.417856338209392497e-01
1.647281760232729153e-01
7.938490181025559256e-01
-9.959104108757329543e-01
2.386388055386411966e-01
9.629615756807535787e-01
-7.136552036373651209e-01
5.367255536631962975e-01
2.405336193593738958e-01
6.460033180414626042e-01
-1.179541407724822022e-01
3.582332390786583387e-01
1.985298674193575197e-02
-5.515830818467317709e-01
-2.277765942463690352e-01
8.187849145305127196e-01
3.971421959807712732e-01
2.990593292745683529e-01
-8.031569914678895472e-01
9.904364647684946732e-01
-7.910823586181658928e-01
2.362228323862288204e-01
4.072125552842432716e-01
-7.962037849943545131e-01
2.469880156382986414e-01
-5.482967861572716206e-01
9.947630725116898276e-01
-3.223846503363886340e-02
-6.570121686615887358e-03
-9.012003813838308508e-01
-7.377118821388206626e-01
2.968990222516132427e-02
-7.293079049560396987e-01
6.527776584846345376e-01
3.841459140391902949e-01
8.289066845024355423e-01
4.316620609394947183e-01
3.516179176011775542e-01
-2.964702855511824331e-01
8.830035041044965727e-01
-3.063741598226418228e-01
3.770217056392669575e-01
-9.974470339709771149e-01
-6.379398812356879001e-01
3.837902939905576405e-01
-8.869550137571847737e-01
-5.321876322129699410e-01
2.347443260452024283e-01
2.161706826902887180e-01
-5.161749266220756471e-01
8.150965757360182362e-01
3.495628066448177584e-01
7.723912124413778724e-02
-8.447642445571943437e-01
-3.553893557312225171e-02
-5.402102638882224639e-01
7.883798392074661265e-01
6.510386934967106187e-01
2.163819157294095408e-01
1.309068532254327177e-01
-8.487793176528047878e-01
-9.233710035505980629e-02
-6.713140833655267814e-02
6.235708336029173182e-01
3.799846582803770856e-01
4.233407423064554642e-01
-9.370084058869340149e-01
-8.882147405937144136e-01
-2.735655286492199439e-02
-3.156970817119226225e-01
-9.715392138615911444e-01
6.664765208570064825e-01
1.994369769099003931e-01
1.648945005085481474e-01
7.577440704322406795e-01
7.666918101989314005e-01
6.868955419525785144e-01
-5.633838950545810853e-03
-3.331485205165034547e-01
-8.937995423179025956e-01
-4.384575069607275499e-01
2.646899350354759983e-01
-6.349805669652358597e-01
-9.581318054589718636e-02
7.363379513779397811e-01
-8.746724216849705025e-01
-2.034162146444851160e-02
5.413101095290506759e-01
-6.950163858833304786e-01
-2.650647956957161711e-01
4.424380499645010345e-01
-4.883821537831563031e-01
5.160979197600731316e-01
-3.671586932012802507e-01
-4.399294080726426359e-01
9.779311283596006099e-01
-1.717001504016506808e-01
6.102771075430364345e-01
-3.029836106871597323e-02
2.631787275793475711e-01
1.545060527396891203e-01
-9.294284100996571540e-01
4.178074880361102306e-01
3.812162064589741384e-02
2.740379873446225911e-01
4.138359747067683614e-01
2.126252930678367292e-01
9.344381852350617246e-01
2.431902214096401671e-01
-5.437470040078652422e-01
-7.398923092937824686e-01
-9.826829000498960021e-01
8.956612823972536219e-01
2.104097621841336530e-01
7.003168570751017175e-01
-7.711295421367648784e-01
-3.746536470964324517e-01
1.893415213225261295e-01
-8.520507718841232592e-01
-4.059229040121084542e-01
-3.346508570435912100e-01
3.439096860065578021e-01
3.812858803871689295e-01
-2.197622034297573856e-01
6.340633270143186673e-01
-8.943106811825571878e-01
-3.798293564365819441e-01
-9.261775376515305469e-01
3.998671920450771466e-01
-8.174514325238801948e-01
2.223668193544621197e-01
-9.329730025720607278e-01
-4.105388697996517067e-01
5.441000242663001085e-01
-9.380531186478424654e-02
1.887772444831671004e-01
-4.398524121736683279e-01
-2.105954738519734137e-01
-6.933639268652008747e-01
-4.383489933276973893e-01
3.459650308512446371e-01
-7.917726546112975328e-01
-1.092239926672216033e-01
6.647363422060790228e-01
3.628467757058532750e-01
-9.997835026733709052e-01
3.398806449872279756e-02
-6.262216610696684782e-01
7.989077177701411347e-01
6.216000206921001858e-01
-2.781480309625206093e-01
-2.287075772664771134e-01
-8.231118092856259949e-01
-5.223447335623135901e-01
-2.076153431876135713e-01
-1.532659360647724567e-01
5.996694217209626032e-01
-6.986996235516018672e-01
-8.972426995913813652e-01
-4.844599514852579447e-01
-3.446101702827667479e-01
-4.156622708649996278e-01
-2.336106748702970748e-02
7.713342843512840386e-01
6.754725134049865964e-01
7.414241992939022419e-01
8.831218557445451589e-01
-8.841434087177622858e-02
8.399061551113224944e-01
7.575604343150954545e-01
-2.612154375887326685e-02
-1.747068605503570848e-01
-7.412071310332037088e-02
5.155164027710076313e-01
2.510774701854493474e-01
9.848834122219165543e-01
-5.788796081223965828e-01
-6.282558222526433145e-01
-7.654481322087406392e-01
-2.929853854484950060e-01
-9.049374691482747757e-02
2.191167812765782430e-01
-1.595247984386917728e-01
-5.101827381511707671e-01
-4.249253602977710043e-01
9.532587922201058994e-01
-3.507569670860329891e-01
-8.131672515992847128e-01
-5.203647637789152736e-01
4.340339011907438094e-01
5.601064896502945256e-01
5.967652836021417606e-01
5.400217825237229041e-01
-3.896795874033973650e-01
3.090282313582859985e-01
-3.705284284512877502e-01
6.920307816560925529e-01
-3.393552654835454985e-01
6.677760223153170749e-01
-6.139648077221828704e-01
-7.841546692531069507e-01
-2.522567741221802551e-02
-6.891225706335901702e-02
-3.871566942216158047e-01
5.580521522171059123e-01
-6.660345920692458677e-01
-4.710898723581272707e-01
-1.786440042859422095e-01
2.849460683953777274e-01
1.795932262804196544e-02
-9.683879209912729102e-01
-6.912385284336540758e-01
-9.783133590296276827e-01
-9.540966738831389016e-01
3.505311546075897677e-01
-8.842048013560340758e-01
-4.007450735703944056e-01
4.682371453480962953e-02
-7.589048276355758738e-03
-9.995003512144599034e-01
2.848724458208244936e-01
-3.696590359335175657e-01
-9.634200662298032514e-01
-4.708292608082664810e-01
9.851439945645926732e-01
-3.339483298040840653e-01
2.404608010150801611e-01
3.148303227672979432e-01
-2.357118119868819028e-01
-2.720627397048837048e-01
7.026310171648237901e-01
-4.408247647095015487e-01
-6.624181759853120521e-01
-2.700183015976611034e-01
-7.226650587676822224e-02
-6.944509975440050775e-01
-8.247019516087813473e-01
5.797036893480533859e-01
2.827193697309811071e-01
-5.902729044310649487e-01
4.579311322146296936e-02
4.407480383529563950e-01
-8.994233314781158173e-01
7.636984318065980215e-01
7.021488651653934321e-01
6.994859437475188235e-01
-8.023896463296288362e-01
-7.102947604185126940e-01
-3.278026223604296741e-01
6.289141927393696041e-02
-2.067044681784441229e-01
-3.572494569813884358e-01
8.827415965254266084e-01
6.963887076699412093e-01
8.287173329980928038e-01
1.724436692085234424e-01
-8.875341464855610596e-01
1.472673785261072732e-01
6.953639455929383484e-01
8.781590468498439161e-01
-1.117565312741445049e-01
