-6.324908976429667318e-01
9.963785911372975423e-01
-3.711670831047862995e-01
8.035218914827541026e-02
-6.619744320843279350e-01
5.978235558722913012e-01
1.596425883385982902e-01
-9.060275153653797320e-01
1.693074627142147348e-01
-4.941274709080663019e-01
8.469038988831890657e-01
8.012334287317504078e-01
-5.799100540598500775e-01
-8.047914954699830758e-01
1.109065379988445621e-01
8.461222758553936796e-01
-3.880984382525020648e-01
7.542230425280049833e-01
-3.215289769102759876e-01
9.082289254996227523e-01
2.921855101181619618e-02
7.502771743076638300e-01
-6.612316915934546291e-01
5.900711526174179378e-01
1.173519643808871860e-01
4.519114972238584826e-01
9.060092047089761680e-01
-9.245608771543457616e-01
-8.231884294698571525e-01
-4.541869659546337590e-01
9.171071946772703376e-02
8.451489950311390498e-01
-4.670231830494295244e-02
4.604416773251225892e-01
-7.425730858564371095e-01
-7.684950354924090510e-01
-9.207016516728886435e-01
-9.097264252295118592e-01
5.643762794448176079e-02
4.739080705260119153e-01
-4.577874923823822551e-01
2.661744473787754361e-01
-4.711216516273501465e-01
6.133111962744931533e-01
-3.347729583456754421e-01
4.330283572948274706e-01
-7.281757592183024652e-01
5.410958019829942289e-01
-3.442608639010221183e-01
4.700976845374631452e-01
1.255012837847789275e-01
9.206426263316891401e-01
-7.258574633794923070e-01
-7.441606071081463547e-01
-4.270688741817850742e-01
-4.877687078880010851e-01
-6.689818154743116807e-01
1.660260902075628986e-01
-7.036306301540320440e-01
-9.359851099732595658e-01
-9.933413417503527132e-01
5.514807419165678182e-01
-2.326460630824769560e-01
9.917974949649857042e-01
-3.186571379242786328e-01
7.701888945017567600e-01
9.624874160489735875e-01
-9.661061104392200116e-01
8.609870332338167565e-01
-7.946635122961289710e-01
1.440742103290873488e-01
-6.460877336022537998e-01
2.941234249021633662e-01
-7.126476938888954837e-01
-4.304958763999987559e-01
-8.269712128878439206e-01
7.764522571805929640e-01
5.895543306092250191e-01
8.739443790579199955e-01
6.565987232526477868e-01
4.411068078115047419e-01
6.686763298152433865e-01
1.507765027306318117e-03
7.141175211062608108e-01
9.839622961763082598e-01
7.703310539105979737e-01
-9.311489307222291512e-01
2.884869323417666442e-01
5.354277083396676851e-01
5.123422561385191365e-01
4.063332028163588738e-01
-4.904545946063370576e-01
-4.429754614093892595e-01
4.771088578780563472e-02
9.921400994656183470e-02
4.531885436606966078e-01
5.152240987978659037e-01
5.879242040346945863e-01
-8.798163085658396998e-01
-5.831405044800832549e-01
3.016924056773873097e-01
-9.423633836230635996e-01
-2.048933606346066139e-01
3.705624316823419306e-02
4.546369775774133926e-02
8.524613641392275731e-01
6.683332118393953136e-01
-9.444969470535964362e-01
1.243950892519276874e-01
1.472004395836310486e-01
-3.983569540243790952e-01
-5.815610767767650513e-01
5.602106487126889967e-03
-1.879889264713621999e-01
3.887102001760880388e-01
-7.782241408156039819e-01
5.120464645747452304e-01
3.022219414445650454e-01
4.526845166851215518e-01
2.853633533752670814e-01
9.394397713093283198e-01
-9.398433350319121971e-01
-6.435801364538255021e-01
6.331534228513528983e-01
4.671313315121928822e-01
6.374852948286907628e-01
-8.496827463971345917e-01
9.221014781236609448e-01
-1.591744384229456521e-01
-4.744059486447216312e-01
2.558814034809283045e-01
8.167591157821535441e-03
-3.789599369233933590e-01
-1.140477400694614729e-01
-5.389124866924774881e-01
-9.018425499609897811e-01
-6.330265682256515092e-01
8.258156609921507574e-01
-7.721016377579396073e-01
7.533427600843555227e-01
4.805209959358834881e-01
6.776976464196320382e-01
1.411611756476658375e-01
4.357293223203431154e-01
2.898142981307307853e-01
3.069123433753230268e-01
2.171527178983752027e-01
8.331955858159489914e-01
-5.264303473621223528e-02
2.483542804753195998e-01
-6.611976283244230812e-02
9.813419841158708135e-01
7.425748149593164316e-01
5.691169218694205334e-01
-3.264274139162345323e-01
-6.287559486356357752e-01
6.635680549278664131e-01
3.528733612251273577e-01
-4.056269761808053431e-01
-8.007024362557280117e-01
8.826399969436986570e-01
-9.904780312559454680e-01
9.124640857747147171e-01
-5.011341272062759256e-01
9.303751844354352096e-02
-6.618362618031475852e-01
-8.701218568558959365e-01
1.740881760566292680e-01
-3.125145338832258646e-01
-6.686973069824817539e-01
-3.321685428695226872e-01
-9.243402164853549152e-01
-1.417316425307948158e-01
-3.926262220894116695e-02
-2.868822382451952091e-02
-5.381430809160958617e-01
-8.739175036009384501e-01
-8.049668218010370691e-01
-3.694730074424869004e-01
8.513022767020433923e-01
6.745677916429292376e-01
-3.045516654618593000e-01
7.491046286851851255e-01
-3.105551379384015598e-01
-3.029388007048326448e-01
8.975220857671473151e-01
1.411753511159503094e-01
-3.638748874556148039e-01
8.770852276672522763e-01
-8.576039142829195994e-01
4.353513161072856685e-01
2.672022014532041689e-01
-5.827098085639705882e-01
-9.958658923525958162e-01
-7.367963641914575534e-01
1.211276407801342436e-01
-8.165883944631027180e-01
8.133015687762259471e-01
8.182721588978714156e-01
-1.130736868307153642e-01
8.063821667702351093e-01
-8.352488428685160837e-01
-9.847718409710606302e-01
4.534945797638303411e-01
7.633220862646413751e-01
4.642307320596790188e-01
9.518998570352907862e-01
-2.206899373490139038e-01
-9.750050485978085657e-01
2.376710302313543577e-02
4.871256884604461823e-01
7.896439248442158609e-01
7.258037769319710675e-01
6.801216186036460609e-01
9.918922775433863803e-01
-7.446422479312370113e-01
7.374408001322514394e-01
9.765104560784931831e-01
-4.181611978902270987e-01
-4.140901380905238627e-01
7.274446602875996870e-01
2.185049520590712502e-01
1.121301693049956694e-01
-3.964652508690154065e-01
1.577468642422178990e-01
-7.334987665373421395e-01
-9.814805950881585472e-01
-3.154851582171858126e-01
-3.881172402230710916e-01
7.975464640121499027e-01
2.188527482912346334e-01
4.150817091303047324e-01
6.448912376521831469e-01
8.894086192734127483e-01
-6.105610050354262075e-01
2.788561633213164637e-01
8.528551340158851968e-01
-8.491730463727119593e-01
7.430878375079105203e-01
2.574728851653368400e-01
-5.844373145428110039e-01
9.248063514343152214e-01
3.374627450057172684e-01
-7.526836405467600688e-01
-1.988616294224826997e-01
3.542828452487799540e-01
7.503095334069107558e-01
9.367093995899546943e-01
9.067684490815174359e-01
-6.524132305926143571e-01
-4.128697176228905419e-01
4.959827318514631322e-01
4.925534211471058188e-01
-5.336476648190588978e-01
-9.688643087282406974e-01
4.811023680741027819e-01
-2.649002794573382391e-02
-3.233786577774730997e-01
-3.095653207159161369e-01
-8.907844213258572785e-02
-2.740293554480925931e-01
-1.906795940571807957e-01
-8.048362217547027075e-01
1.001590811796554403e-01
-5.932789369478490560e-01
