-4.988165344591312667e-01
8.246302361752282373e-01
-5.452762771515499152e-01
5.933768405051403905e-01
5.550048242643544905e-01
-3.149613888789212779e-01
-1.000000000000000000e+00
-7.239940763499966847e-01
8.497622465261683855e-01
6.951104427372765127e-01
-2.763108281064107219e-01
-5.083819167386436355e-01
-5.171109578640398219e-01
6.862181551606050256e-01
3.786604673220286821e-01
-1.000000000000000000e+00
-1.000000000000000000e+00
7.848186780113034500e-01
1.000000000000000000e+00
-6.017254108844968252e-01
2.235395801923334702e-01
-3.286611480260909213e-01
-4.186706508642942248e-01
1.490149535492433230e-01
9.518359744283850787e-01
-4.054134365554720176e-01
-8.030443327345646032e-02
4.461965519160074889e-01
-7.896684921199903506e-01
9.800323541418566320e-01
6.094795310657447063e-02
-1.000000000000000000e+00
-8.352487453862047495e-01
5.830235251474570335e-01
-3.673856067055728536e-01
-2.291376735149522892e-01
6.760882020126564029e-01
1.037951784060615057e-01
-3.694702903421727136e-01
-1.701988166375145717e-01
1.737991416123809141e-01
-1.000000000000000000e+00
7.238946226444640253e-01
-9.019013617310506215e-01
1.000000000000000000e+00
-8.928879678704954026e-01
1.000000000000000000e+00
-1.000000000000000000e+00
-7.479767537210790795e-01
9.705766665377835167e-01
4.077929820069468025e-01
4.984905422990988377e-01
9.482315632400122041e-02
-5.054546054118278509e-01
4.823449533707012682e-01
1.000000000000000000e+00
-4.231862203129459488e-01
-4.155712571863534599e-01
3.998439842022321056e-01
-2.397709685751911179e-01
7.435397770989817801e-01
-1.000000000000000000e+00
-7.906574373634400743e-01
9.434918122853701572e-01
1.303999861468406185e-01
-1.000000000000000000e+00
4.154088170150282977e-02
-8.289169393233155603e-01
-1.000000000000000000e+00
4.468608321815519258e-01
-2.272472757583393899e-01
6.772777476697916521e-01
6.481858054527397384e-01
4.670967804535772760e-01
3.351985671262955879e-01
2.998643138242032546e-02
-5.788075738937827897e-01
-1.281158557496282491e-01
-1.000000000000000000e+00
-1.028214076198695759e-01
3.677793805242317582e-01
3.357290747976727219e-01
-3.054901193615595645e-01
1.696963706763179314e-01
-1.529527893686073448e-01
-8.076595145584629654e-01
1.000000000000000000e+00
7.122192991684487273e-01
5.804314154343100940e-01
-6.770371774842666168e-01
-6.418308462762146727e-01
1.494637630108436865e-01
-7.846555048106444996e-01
-4.646374466327065633e-01
-8.717700399145147383e-01
1.000000000000000000e+00
-8.870355037503288020e-01
-1.000000000000000000e+00
2.669628691706370516e-01
-1.493664021102326100e-01
1.634486473509565996e-01
-5.152028648345439166e-01
-1.000000000000000000e+00
2.652238753127378335e-01
7.214305170245794985e-01
-9.331558796658169230e-01
-1.972570212681917790e-01
5.438764823379724778e-01
9.977461790263669750e-01
-2.322712219338546324e-01
-3.719569694402554139e-01
-5.897538285253243195e-01
6.435694330153524101e-01
7.851510193487057365e-02
2.627447425123773384e-01
8.517781234742024532e-01
2.120500326273889458e-01
5.118061084150816731e-01
8.712710551614273324e-01
1.670722243359278603e-01
1.902570157124016947e-01
9.317740799925757766e-01
-2.426343848439492801e-01
1.440287410170998095e-01
-2.136212160089034084e-01
6.317312275361037788e-01
8.323945091907303251e-01
5.770185166882335626e-01
-7.037323399192383366e-01
6.538653712984825450e-01
-1.000000000000000000e+00
-1.000000000000000000e+00
-5.972707147186560872e-02
-8.214681462289101788e-01
-1.455327266003603737e-01
6.577015480292429661e-01
-4.697458210934650769e-01
2.818930566966749707e-01
-1.795828295492728488e-01
3.949470665946213099e-01
-3.563609002653622682e-01
8.989797149666438614e-01
-9.927087957728033540e-01
-2.019190129507610343e-01
8.072444557268447507e-02
-1.498729871536127745e-01
3.026702378820358974e-01
6.329787589472450904e-01
3.330103382436114257e-02
1.000000000000000000e+00
7.073535480894939109e-01
7.908987208808577751e-01
5.677242745939409252e-01
-9.256655387755304831e-01
2.936039930650279350e-01
-3.085996991667651068e-01
1.459896664373211417e-04
3.261970685875867360e-02
2.551065095270996230e-01
7.463894379126443379e-01
3.094802681371549430e-02
2.724382911768484794e-01
1.966224177160657283e-01
-8.112426155293852581e-01
-1.591963440902454119e-01
3.281847934998499139e-01
1.000000000000000000e+00
-7.130406159520261689e-01
5.824278946974784654e-01
8.414718175835858571e-02
-1.166964699841956110e-02
9.838801386347786337e-01
-9.326396341347318319e-01
2.487491330100807252e-01
9.009587221419087522e-01
7.408001996274495848e-01
-2.777366445944880469e-01
5.489734864917447110e-01
1.738104491051120082e-01
-1.832582549718662634e-01
6.168373238141358628e-02
-3.909831165074603154e-01
4.019227277250042585e-01
8.576973557278244620e-02
-7.000976080988825512e-01
-9.430212112070992525e-01
-6.723431642872452763e-01
-1.784244338600404212e-01
6.535086130591426512e-01
-2.525552951524784318e-02
-9.944905105681558499e-01
5.322738596101825870e-01
6.429891147599927637e-01
-1.177161567908679984e-02
6.147222833961210053e-01
8.528795139255453961e-01
8.885447059967480632e-01
6.522643761420902075e-01
4.542913636668617361e-01
-2.812942485244243063e-01
7.165121715888825848e-01
7.387784216016080041e-01
-6.727303983867860548e-01
-4.563838369672689743e-01
8.777430876776964874e-01
-8.508329305171279389e-01
-6.210523130898157329e-02
1.638073681545034188e-01
-1.747828296516338864e-01
1.000000000000000000e+00
7.930808638367010666e-01
1.137172472216047281e-01
3.608986952662088799e-01
1.000000000000000000e+00
-2.132139538373868382e-01
-6.168667580881131984e-01
-2.844773808576520624e-01
-3.089060988101258176e-01
6.008878900106706666e-01
9.787913068120805971e-01
-9.109011931641122217e-01
-3.918213250808313397e-01
-8.547639688270758374e-01
-1.925521639984219269e-02
8.352195375481408224e-01
-7.510947325017880427e-01
4.210563611633183490e-02
1.000000000000000000e+00
-7.554692758190451052e-01
1.350121360440346696e-01
7.149481818400643673e-01
-7.571705376084814088e-01
-9.139692458596089253e-01
4.423070157685674575e-01
8.531602317469069163e-01
-5.881945301931108538e-01
9.656357646176503273e-01
2.677158953801838104e-01
-7.672881035911760517e-01
-1.026312291219835110e-02
6.370247332268911267e-01
-9.779505627500741927e-01
8.219662353242466191e-01
3.280302868050448684e-01
-8.040494468922714244e-01
-4.465289981503060002e-01
5.100903348891450140e-01
7.592158965171292850e-01
-1.057667374494484225e-01
6.233116000664138366e-03
1.420292011465503768e-01
-7.000366382035828616e-01
7.158975780954721646e-01
-5.412800035015261080e-02
-2.396153087814686944e-01
-9.715609697773167075e-02
-5.609649380506506189e-01
-2.179317176717886495e-01
6.752451393207095087e-01
-9.343025211775445038e-02
-1.000000000000000000e+00
5.780232619229703772e-01
-2.860696858842116663e-01
3.623537363765674257e-01
1.000000000000000000e+00
