8.180493892497445740e-01
1.657515370785521969e-01
-1.000000000000000000e+00
-9.390158062960244356e-01
-8.940434500053609512e-02
-9.416861540660858010e-01
-4.506551819049585128e-01
-6.545715767551335551e-03
9.644196819840069601e-01
4.888744114909673866e-01
-4.491044249182014891e-02
-1.249266140424844240e-01
9.077913741719105811e-01
-9.539517144883848943e-01
-5.847447653774877629e-01
7.958684072897858064e-01
9.096580173595397723e-01
-6.598570283170814843e-01
1.325329136259070228e-01
8.211663914149962551e-01
-5.972532941437633802e-01
2.572533750727423185e-01
5.775481780649445174e-01
-9.788719553466262990e-01
4.891263056749232674e-01
-9.496452684259879540e-01
7.161817601184298221e-01
-6.730317452768249664e-01
1.421938111709286356e-01
1.158536659721489254e-01
7.013983773601317750e-01
2.610654109060088768e-01
2.008699283050385254e-01
5.013236121963905445e-01
2.071581858786845365e-01
-6.600099675343960026e-01
1.000000000000000000e+00
7.778033502746607430e-01
9.452916471199275250e-01
2.701198121000162877e-01
-7.344636332339810059e-01
-9.356633546832436865e-01
-8.712297475894207333e-01
-7.842353421890086995e-01
-9.677303024172867474e-01
-1.000000000000000000e+00
-1.000000000000000000e+00
9.425830620984870789e-01
-9.535976842649288576e-01
-9.137077320304096695e-01
-3.053800398763784063e-01
1.170205553792569991e-01
-5.973888453807258969e-01
1.501064081075495493e-01
7.484147303519259609e-01
2.043399870303599375e-01
9.255461297557646683e-01
4.532484552744734385e-01
-6.466919778357157478e-01
-1.000000000000000000e+00
-7.391303658194894877e-02
9.576397958957113543e-01
2.472496122519081407e-01
8.373527720949682784e-01
8.094327884236379722e-01
-7.253844533528908123e-01
8.590287666196948502e-01
3.028296443696099072e-01
-5.577632535014432902e-01
-3.161228181427609002e-02
1.808035662247103326e-01
-6.778889636244332939e-01
-3.346500406358924318e-01
-1.368786842454993158e-01
9.048410074210491150e-01
1.000000000000000000e+00
2.362826076096567474e-01
1.000000000000000000e+00
-6.510654277394398171e-02
1.243892635234047916e-02
8.196887477144874090e-01
-8.873952823184954042e-01
-8.709277802422219494e-01
-9.989994537173856326e-01
-5.889987007554958048e-02
-6.944198001866258574e-01
-4.331973290103552365e-02
7.735216245194502516e-02
-1.419632484383975823e-01
1.164681171421549088e-01
-1.104179987554173292e-01
5.985584324174073600e-01
-4.183767357541423593e-01
3.749152088984158276e-02
8.491218653214284151e-01
-9.213362378235783190e-01
-4.357163145375601843e-02
8.252192098330044523e-01
3.984096601854157649e-02
5.420541081414576023e-01
-1.961819927186627399e-01
-6.273918796354893690e-01
7.301455599667830976e-01
3.923983953348622600e-02
-1.000000000000000000e+00
1.000000000000000000e+00
-3.467348894609332266e-01
-3.556476528109950852e-01
-6.746996912392141388e-01
3.624028204021592647e-02
-4.735217777537381600e-01
7.233741656152072874e-01
2.538100792678910783e-02
-1.000000000000000000e+00
-3.683471712076066273e-01
-9.833712485424388472e-01
3.280569710638476244e-01
-3.642604760244011475e-01
1.197305040213369476e-01
-6.047142636352622613e-01
3.672243791784965961e-01
4.553438422736887925e-01
-6.966509724345009147e-01
4.911823145857753814e-01
-3.642825449804035776e-01
-3.006184010929742190e-01
-3.483281085306911273e-01
5.584188907090813503e-01
-2.399480987945735444e-01
6.086248224762343950e-01
7.037854062685003909e-01
2.424594048977935512e-01
2.251338475304378028e-01
6.330878719210999428e-01
9.536144286729189012e-01
-7.466943597485817818e-01
-7.957306274467136342e-01
-6.760082333365928786e-01
-6.997381685165095233e-02
-3.039180851828733321e-01
-8.055401822461265987e-03
1.000000000000000000e+00
-9.843507917775679017e-01
3.264988785165718888e-01
3.896499541648622555e-01
-9.406398741308668043e-01
-9.061430651224903210e-01
7.558093470524070989e-01
7.930463415722881493e-01
1.849588582705047335e-01
1.000000000000000000e+00
-4.142040868510546425e-02
3.570763745147970819e-02
5.494932623376541647e-01
-6.753212717849429447e-01
-1.935215090722652298e-01
-5.327246914364605068e-01
-4.352424563384705847e-01
-2.522959077519266180e-01
5.773433416389818218e-01
5.458379399849853097e-01
9.387584377732174357e-01
6.929837925661970210e-01
9.565855748103219147e-01
8.540378688330483303e-01
-9.411857646317555171e-01
-8.778256534677277845e-01
-3.542255408156325114e-02
4.048284653419580437e-01
4.231901506823488313e-01
-3.000404560530647302e-01
-2.921219424819432864e-01
1.000000000000000000e+00
-1.968966819925289657e-01
1.116877615562870130e-01
4.353457957218250796e-01
1.000000000000000000e+00
-4.751186575590038430e-01
6.396084861490035633e-01
4.643723764590632075e-01
-1.277198256501004270e-01
9.496322721750975748e-02
-1.000000000000000000e+00
5.813621394862850122e-01
-2.107269046726864825e-01
6.133604064794859756e-01
8.431252648326168497e-01
-3.893699722565105992e-01
4.210662114245619647e-01
3.981996765046302844e-02
-4.528499776764452478e-02
1.365061637870449152e-01
7.978377005315591131e-01
-6.175250563430977335e-01
-7.188829146051310959e-01
-9.477072214153255958e-01
5.721100496612300246e-01
5.958510693448042517e-01
-9.653558383467560899e-01
1.000000000000000000e+00
-7.626679890537507722e-02
-4.814348981641601855e-01
9.126768744700577418e-01
1.000000000000000000e+00
-6.968474065557471731e-01
-5.431143593754395038e-01
-9.963030745401234567e-01
5.978243568819745501e-01
3.584206483968211954e-01
-2.782122004074861210e-01
-3.522125317760269603e-01
-1.000000000000000000e+00
6.730296006803632158e-01
-6.772277877886859199e-02
-1.636088236129077667e-01
-9.515238647871515631e-01
3.066706605717103851e-01
-8.728335913834418536e-01
5.896423569473377979e-01
4.355403078301404163e-01
9.133749186194493053e-01
-2.885216129719070932e-01
9.339366767015498949e-01
7.105418628588789920e-01
-3.443851436659758347e-01
-8.499084972053609910e-01
-9.810971227755719282e-01
-6.677852480834757243e-01
-4.485569937505182181e-01
6.753639409668113491e-02
5.838846062613900489e-01
8.252444820053249641e-01
-2.465669810953419194e-01
1.000000000000000000e+00
2.464383847500596636e-01
1.640533660481174882e-01
3.963439222306828214e-01
8.637840207187378327e-01
1.685165137132839108e-01
8.886033432055722159e-01
-7.913004073997261800e-01
4.790975512146595783e-01
-2.363250736545615127e-01
-4.587953104660137948e-01
-9.699079906097606285e-01
-7.138601072676824533e-01
-5.245997487100618750e-01
7.444809274839566671e-01
-1.603382503836056627e-01
1.000000000000000000e+00
-6.317862637842746043e-01
1.000000000000000000e+00
-5.833952739308134738e-01
-3.634861605907042242e-02
1.000000000000000000e+00
-2.716435534545575958e-01
-7.283348464226951924e-01
1.599368586511276669e-01
3.756630178982773294e-01
3.664004888520538961e-01
9.221572542883816892e-01
1.163817405051873477e-01
-3.065429601476477028e-01
1.027492890612463072e-01
-9.975757676014342934e-01
