6.139254171071693023e-01
-7.097181780381812688e-01
6.632364456947863474e-01
3.242383816138771913e-01
-1.871156277075512464e-01
-2.306599577203567453e-01
7.363161460281621995e-01
4.572507556311484755e-01
8.732630217459798061e-01
6.327276797062401092e-01
-5.131131551546519454e-02
9.923782509581842159e-01
-7.926536756946966911e-01
-4.607749726944860846e-01
9.485112781676405813e-01
5.435057659245494666e-01
-6.067797944274422317e-01
-3.432867730042616361e-01
7.471904589350837345e-01
6.041671299111495141e-01
3.732320471836992337e-01
-1.620472183244640874e-02
2.634246939593017922e-01
-2.573217513641719578e-01
-1.307538284080003166e-01
4.615807435685388427e-01
-9.366073442258977533e-01
7.907331070649153970e-02
-4.966799710626736974e-01
7.959265142995627373e-01
-8.750624924597119048e-01
7.793991266139501661e-01
-8.936156605210912041e-01
-4.549710723295484760e-01
-3.770649395631424650e-01
3.825475915088323298e-01
6.807656508619978064e-01
9.890563711778810330e-02
-1.809932157709661094e-01
-8.355789290299242555e-01
6.127325666401002291e-01
8.552046148206704501e-01
-6.376244389996442719e-01
4.795596203246516032e-01
-6.889511485590299467e-02
-7.056925845101353900e-01
2.089989112091578949e-01
-7.601679959960128130e-01
-3.355370040454243585e-01
-5.405654011266741721e-01
-7.415584830047068365e-01
1.187447684294445360e-01
6.520221253754265867e-02
5.118840276396807720e-01
5.958772966311963737e-01
-4.031132598956680413e-01
-3.646601831317592968e-01
-2.355676068269315082e-01
-1.233228000584563611e-01
7.554879353293946220e-01
-3.116970151103736764e-01
1.670566860690859690e-01
9.699070208483262512e-01
-2.723367848702898386e-01
-9.271361389139283204e-01
-9.946667678246229327e-01
8.616925388678886577e-01
-3.885865701447855924e-01
-7.170124266865666174e-01
9.012076013979209987e-01
-7.569413453426370175e-01
-1.400157765259785192e-01
3.070886239047756483e-01
6.984380363219034882e-01
-3.603630155521040379e-01
5.045906100033775710e-03
7.651976481029283406e-01
-3.561829266056064647e-01
2.356508742161896874e-01
-9.837883513877103692e-01
-4.474005717850895736e-01
-8.928652410797316419e-01
9.498991767909101269e-02
5.686596027616028781e-01
1.828183864714150175e-02
-1.387873349948411661e-01
-1.969571215029239930e-01
-8.812520939118428931e-01
-4.835680740443202841e-01
7.701187962030106027e-01
-9.205500228363102666e-01
-4.374424964643044422e-01
3.540583830034533808e-01
5.313965669654472368e-01
9.183837946399391328e-01
1.361266888492271288e-01
6.317487901280904872e-02
-3.692824052571830884e-01
-6.464961990704169992e-01
2.629682452757189370e-01
-3.732519699396430468e-02
5.899237918964452820e-01
-9.016996772477693378e-01
2.719921332904670086e-01
-1.023396506690924523e-01
-2.050819504554240447e-01
3.710533271375784370e-01
-7.361928149395425836e-01
-9.988355519242855252e-01
-9.004454559690023840e-01
-1.067221406918570092e-01
-4.485860366872347349e-01
1.810904374541166539e-01
-5.531328863171786070e-01
4.785814506853929839e-01
-7.616147596130016240e-01
8.968191963294234181e-01
5.795591842403394756e-01
-1.770401255249851036e-01
-7.735381117643841398e-02
-7.812001260617338350e-01
7.861313797481620513e-01
-1.907635908315062356e-01
-8.196175991680769712e-01
5.272445082185320819e-01
6.975480272798991743e-01
4.287973481515909291e-01
-5.494144418337683078e-01
-8.581665060548204771e-01
-3.758135381673706754e-01
-5.146373164213446927e-01
4.279292222642079868e-01
-3.131593242804789901e-01
-3.526255600836074588e-01
7.055668447007580335e-01
2.667402843916946154e-01
9.577865291621946442e-01
3.770994616229073060e-01
3.116192091659628072e-01
4.272113548337606592e-01
5.225091550170201105e-01
-1.590041529713717150e-01
6.716800277400436503e-01
-4.273303316450638434e-02
8.786422464638984353e-01
3.849150366531386425e-01
-8.260499812460635471e-01
-9.465363423242667551e-02
-9.759638697454643408e-01
-3.709819990244773713e-01
-5.943682774002340130e-03
-4.032522588722212142e-01
5.215153532480995002e-01
-3.622876373990298327e-02
-1.907361931782292075e-02
3.315137214180730596e-01
-5.066998698565686743e-01
1.948864244598395579e-01
8.336573420801468570e-01
1.061831144170962693e-01
6.346701493784974168e-01
-5.978174349985086733e-02
5.638842572290634347e-01
8.228981631124823171e-01
1.611420515454953239e-01
1.907307200794669533e-01
6.632823045560833908e-01
-3.177552721994689744e-01
-1.373367961649590574e-01
-8.657689948420178583e-01
9.988244590253314570e-01
-3.049223410648178589e-01
7.082187869809655201e-01
4.783517443421992921e-01
-2.576609812706300295e-01
7.751888869841011553e-02
2.936027569137760196e-01
-6.162527494346409229e-01
-4.006360431198698890e-01
-2.250207772708099352e-01
5.618340885843841059e-01
6.442056446373276568e-01
-5.346997217095902366e-01
3.906388996808690672e-01
-9.929296606622909360e-01
3.905317011320519338e-01
-2.452942878166785579e-01
1.276805299302009034e-01
-6.624730830427509876e-01
-8.526915913431389882e-01
1.520265176567829057e-01
-1.045179594038342374e-01
1.691129962800265174e-01
-1.009069498218988642e-01
3.396681152705642859e-01
-3.310103289591238562e-01
8.648929796770181699e-01
1.277834681361947333e-01
-6.997020381567546909e-01
-7.341597027598186775e-01
5.910439656149614196e-01
9.874313449965304024e-01
-6.515669498606431187e-01
-3.764669594775030825e-01
-9.893502017878675892e-01
-9.001222114303437660e-01
5.685333123876691319e-01
-8.014396338952158860e-01
6.823531087165397579e-01
-6.905605634599222276e-01
3.512511355789108003e-02
2.290167292819003109e-01
-8.737263271037821744e-01
6.702520137464726968e-01
1.659982220377304030e-01
-5.197661551130839941e-01
-6.455608341269746253e-01
6.982255208493278742e-01
4.342509699198859874e-01
-5.290152603236206730e-01
-3.899311976635067012e-05
4.133034625153212405e-01
9.798805169785528291e-01
-7.409317632080132388e-01
2.323726557022413527e-02
9.964697921376373113e-01
8.017498959957927163e-01
6.293283290441690214e-01
6.560215351671914163e-01
-9.854934500975687239e-01
-2.697367907465814674e-01
9.567567762139471688e-01
3.377360422639257287e-01
1.673640116667908517e-01
-3.945990872257070237e-01
-9.999055718024693062e-01
-2.988350574121447778e-01
-8.914475986777536942e-02
-6.834576340882565493e-01
-5.321672880001743211e-02
9.456357795070944317e-01
8.913582526145897855e-01
-6.901267017041563534e-01
-9.557186032262313669e-01
1.482837257557974020e-01
-3.734486099125696179e-01
-1.758440392259775775e-01
8.376309106514271408e-01
1.257530338877470011e-01
-6.983356765604764593e-01
5.450674987375211389e-01
-7.974062263562580188e-01
4.961986309058306066e-01
8.107600535530059549e-01
7.618589232807119194e-01
8.263008829241208497e-01
9.778769206794003521e-01
9.173877163864763151e-01
4.188961488684085910e-01
8.399108941711053156e-01
8.896554818013879817e-01
8.104286801303732801e-01
8.963178875252180156e-01
-6.923986021009733705e-01
-9.932925434904713580e-01
