4.100436118215663450e-01
-1.000000000000000000e+00
7.072961760352878269e-01
8.502479715646840130e-01
1.000000000000000000e+00
8.153219124331526624e-01
-4.418878307664131366e-01
-1.000000000000000000e+00
-1.000000000000000000e+00
1.000000000000000000e+00
-1.000000000000000000e+00
-2.710797923040419444e-01
-1.000000000000000000e+00
-3.462184400700342168e-01
-3.077239113372668977e-01
3.430389751880094096e-01
3.728900367707553842e-01
-2.866677565969439900e-01
1.000000000000000000e+00
-1.000000000000000000e+00
3.387077463406092948e-01
4.585765290707705111e-01
2.737427407408696278e-01
-3.597899256126837475e-01
1.000000000000000000e+00
5.647489570306877260e-01
-1.749764870968117947e-02
3.164505774608004640e-01
4.076153127106757479e-01
1.000000000000000000e+00
1.858030730877324732e-02
-1.000000000000000000e+00
1.000000000000000000e+00
1.000000000000000000e+00
1.000000000000000000e+00
-1.000000000000000000e+00
1.000000000000000000e+00
-1.000000000000000000e+00
-1.045232774298590628e-01
-5.448108925862018559e-01
2.809256445385803769e-01
1.000000000000000000e+00
-7.213225290336564011e-02
-1.000000000000000000e+00
-8.159370628872530951e-01
4.113020526564712398e-01
-1.346062232882564713e-01
1.000000000000000000e+00
-1.287818385936045917e-01
-5.740333532934618344e-01
3.129908595674268934e-01
8.074134219453329986e-02
2.069246858430466018e-01
4.667371154025828917e-01
1.000000000000000000e+00
-3.976437032763426305e-01
-1.468953553138787615e-01
7.080640652564705873e-01
-1.000000000000000000e+00
1.000000000000000000e+00
-3.158863195177548100e-01
-1.000000000000000000e+00
1.000000000000000000e+00
1.000000000000000000e+00
-1.000000000000000000e+00
-3.231008423625107429e-01
3.810181329734443345e-01
-3.717352692651421098e-01
1.000000000000000000e+00
-7.432867635523776606e-01
-1.000000000000000000e+00
-1.000000000000000000e+00
-9.480428833995277471e-02
1.000000000000000000e+00
9.299364707302906208e-01
1.000000000000000000e+00
-6.605445429880305586e-01
1.000000000000000000e+00
-1.429770953268708622e-01
1.000000000000000000e+00
-1.000000000000000000e+00
7.207253593501732336e-01
-9.160275383904624702e-01
-9.432208668955670561e-01
-5.315459437315095403e-02
-5.896220608570594823e-01
1.382336982642345391e-01
4.718412907735875517e-01
1.000000000000000000e+00
9.452556165318309889e-01
-1.589281474743464706e-02
-9.877999599832918420e-01
-1.000000000000000000e+00
5.892462124377884081e-03
3.516360210424496757e-01
-1.000000000000000000e+00
-4.648335651734625262e-01
-6.191146396128918150e-01
3.673149543533640315e-01
3.707681869295202937e-01
7.455291258003592381e-01
-3.053346649076850716e-01
-5.407647999265929872e-01
1.000000000000000000e+00
7.432199120546847393e-01
5.932540104693156957e-01
7.365927919103513188e-01
-1.000000000000000000e+00
7.260517161108784867e-01
1.799779877295353270e-01
8.050339328488151924e-01
-2.671084151243229288e-01
3.216895990724577548e-01
-1.000000000000000000e+00
-1.000000000000000000e+00
7.586130585897378209e-01
1.000000000000000000e+00
-8.896783839980834108e-01
1.000000000000000000e+00
-8.018479631528739882e-01
7.821128858171439990e-01
-1.000000000000000000e+00
-8.445677031230157672e-01
-6.847089084278623616e-02
-7.605359736424318617e-01
1.000000000000000000e+00
-4.738613785345427987e-01
1.000000000000000000e+00
-4.778579217655621325e-01
1.000000000000000000e+00
5.141536698003383865e-01
-6.413056906804860402e-01
4.227129019318312531e-01
-6.873398349199262292e-01
1.134758378512683574e-01
3.697278357226602141e-01
1.263347860498591213e-01
8.212963485783769668e-01
-3.753803728310198817e-01
-2.044909980080034662e-01
6.127415834931858596e-01
-6.202285357877647121e-01
-8.805678955324581780e-01
7.538852963212260283e-01
-2.213103556771096603e-01
-2.323455344837404013e-01
-1.702392362394354319e-01
-2.997181017934875680e-01
-5.678082351603466194e-01
-3.117945434119575587e-01
-4.167172512436008169e-01
2.981568164004286259e-01
-8.698910850643228887e-01
1.000000000000000000e+00
-3.364172924789544106e-01
-6.683259735144309044e-01
-5.775293629020346042e-01
-7.274244466048076507e-01
1.000000000000000000e+00
1.000000000000000000e+00
1.000000000000000000e+00
-6.373119505551800845e-01
-1.000000000000000000e+00
3.040473398264361138e-01
-3.770921315105563165e-01
5.888037474635836599e-01
2.926052389249620411e-01
-2.802783756441768609e-02
-1.000000000000000000e+00
-8.359451025672001157e-01
6.583391990522513559e-01
-5.089179492452815534e-01
4.278376140906038350e-01
-6.739171266306114294e-01
-3.482302495724745039e-01
-1.000000000000000000e+00
3.174122660205178081e-02
1.465516211763658871e-01
-1.000000000000000000e+00
1.000000000000000000e+00
4.582760746863430712e-01
-9.592585326379173827e-01
8.137503123016859297e-01
-8.131300153495778504e-01
-2.048544360409296772e-01
-6.842274486007169365e-01
-6.047721558431974342e-01
1.000000000000000000e+00
1.000000000000000000e+00
1.000000000000000000e+00
-1.000000000000000000e+00
1.145144971746165363e-01
2.129473913569490673e-02
-5.888891737582387931e-01
9.993148034533647639e-01
-3.432568897079614767e-01
-1.000000000000000000e+00
8.445438282972229649e-01
-5.419621570162925783e-01
-4.409171715780524359e-02
-7.434290926082630646e-01
3.536502302209860171e-01
-9.386801225293583961e-01
-1.190353249970566019e-02
-5.142747362475885708e-01
-9.319909882830186287e-01
8.179760521017516162e-01
-2.399942398068355409e-02
-1.000000000000000000e+00
-1.860623755719829076e-01
-1.000000000000000000e+00
-1.000000000000000000e+00
8.529146934224416388e-01
7.440951244869133951e-01
-1.000000000000000000e+00
-5.219232953986252532e-01
-3.598069875889917113e-01
-9.492982949649422242e-01
7.727020735243483873e-01
-7.934511253967567734e-01
-4.080108434424400965e-01
-6.678227242022594101e-02
6.232099702783908679e-01
8.718147556331470316e-01
1.551671707415339663e-01
-7.663441680790344934e-01
-9.165143029759390547e-01
-3.356178037812829751e-01
-6.691191272104226595e-01
-2.867660985468255541e-01
1.000000000000000000e+00
1.000000000000000000e+00
1.000000000000000000e+00
1.000000000000000000e+00
1.000000000000000000e+00
-1.000000000000000000e+00
1.000000000000000000e+00
9.950985592660135381e-01
7.225465584872881042e-01
-1.000000000000000000e+00
-4.719360163198972336e-01
-1.872690746603935530e-01
7.155599937247487663e-01
-8.824651411100286058e-01
-4.331642351712326477e-01
3.092454819420404899e-01
-7.757955933811708782e-01
4.180133184653978540e-01
-1.000000000000000000e+00
6.397191053216839673e-01
-3.009169511582873158e-01
-5.265646242258694709e-01
1.000000000000000000e+00
9.085262535000411255e-01
-1.000000000000000000e+00
5.717450426019005105e-01
1.000000000000000000e+00
3.932380288560837767e-01
9.554129448679782310e-04
1.000000000000000000e+00
-7.111735584520180176e-01
3.161336170853262795e-01
2.292134072674384404e-02
1.000000000000000000e+00
-7.905491638145889510e-02
