-4.985929780795803068e-02
-6.631619198981910657e-01
6.759702347161334890e-01
8.265395812074108894e-01
6.377093323275746517e-01
-9.818232277327306745e-01
-6.063606615642694320e-02
-7.092443631557239225e-01
2.728669748336954859e-01
8.283926148959520619e-01
-6.421253341450012808e-01
8.655971645746686205e-01
1.049096151620199646e-01
-4.250994174267947456e-01
-4.794096548876842778e-01
6.147517568010461009e-01
-8.470698419711419902e-01
-3.798609354236234803e-01
-5.836105630342667272e-01
-5.711421028451946214e-01
-3.644954216115498524e-01
4.981334114130276380e-01
-2.066298451019092652e-01
6.399292551408357621e-01
6.917576984638909576e-02
-4.865471379215928205e-01
-6.471418892073435014e-01
-7.548373733951463382e-02
-9.600666747989450300e-01
-2.356327778722715482e-01
-6.409667764202807705e-01
-2.380519228829905964e-01
8.754399209418467498e-01
1.165694971938077418e-01
1.692667406602952340e-01
9.701087841476274676e-01
-3.958318694590192699e-01
2.135846206345726195e-02
1.992830134002648579e-01
-9.406908476454839407e-01
-4.314150579854854617e-01
-2.586378571533298754e-02
3.386046934104327000e-01
7.326021782171150409e-01
-1.120844528182950578e-01
-9.816992619566697886e-01
-2.326661446408079814e-01
4.547329540698992201e-01
2.875528780326872536e-01
-3.191738467625571118e-01
-7.387744475855381188e-01
9.109948335027364674e-01
8.800415087252133617e-01
5.582925182802872532e-02
-1.503068498032078537e-01
-3.035536378155591630e-01
7.706685614087619429e-01
-7.049330421188323426e-01
4.523105511710460713e-01
-7.598204200442970624e-01
6.172029695682063055e-01
4.100552146076757998e-01
-9.917635615348057154e-01
3.533777568357234777e-01
-6.360000924716613380e-01
-4.085118416214819081e-01
-8.085009950563663006e-01
-4.312612360437687031e-01
-2.237052660404793558e-01
-5.273213750210340445e-01
7.672223265428952665e-02
-2.567457816521079295e-02
-3.829333983222915627e-02
-2.234045573791788031e-01
-1.132882600539426438e-01
-7.639449472867358981e-01
5.096187158572131892e-01
-3.479116685126614206e-01
-3.650276572302414979e-01
2.199407731852903725e-01
3.047111674873718701e-01
-2.503505437760825125e-01
-1.726614906062052257e-01
-1.000200381949396533e-01
2.169415117741592125e-01
-5.213158648813851492e-01
-4.341286093948252822e-01
8.666198448590747283e-01
1.626462681452921777e-01
-8.319914182910345124e-01
-5.834852476691857470e-01
-8.539526897094233959e-01
5.885279847177071755e-01
6.101949667260231358e-02
-6.816411943961708797e-01
4.804107928590338750e-01
-4.590833524852602210e-01
4.175904883701863635e-01
-1.499315767868182325e-01
-2.981607115760590565e-01
-9.200936684913484376e-01
-6.781137491254176641e-01
2.111945196127609226e-01
1.205762940584697157e-01
1.281664164876046286e-01
-1.725132657083525700e-01
-4.576042177510870612e-01
-6.218309798027412683e-01
7.481848981784050556e-01
7.637363911554219120e-01
4.108393120262137654e-01
-8.399213349666493356e-01
1.631804609986451382e-01
-9.977759757587890688e-01
-9.985620996252780879e-01
2.793013159795888489e-01
-7.819509185421805730e-01
-4.419623877104683629e-01
-3.751614155637172376e-01
3.146773497189783164e-01
3.297531624971384301e-01
5.257987583555172595e-01
-3.356721029091726538e-01
9.988681949832951545e-01
-4.870142010659023746e-01
6.149816522765746973e-02
9.666455622475600418e-01
-1.026012893914357571e-02
-1.945730824808823423e-01
-8.458985847942709357e-01
-8.417869538887685632e-01
-9.988612727387408130e-01
1.484144024076727852e-01
7.092322281759588787e-01
-9.791072510903102710e-01
-6.075451012210375534e-01
5.519926850979369748e-01
7.718810809411144058e-01
7.174751721222549783e-01
-5.742307101193251384e-01
9.301318634664902385e-01
-2.367647979042729334e-01
8.327785871352239022e-02
8.054628614123464647e-01
5.719794405586939856e-01
-3.831256177754882586e-01
-7.213334861490403593e-01
4.726891234123634655e-01
-2.958035366220679308e-01
4.223443844368823807e-01
-1.129269289431592826e-01
3.934499149335854984e-01
-1.565605859985161885e-01
-5.048505855549751953e-01
2.830906239795922819e-01
7.748999856387949192e-01
-7.528073517818564264e-01
-2.568775758052791458e-01
-5.255125080496922951e-01
8.564255574992316600e-01
-9.500204253418116362e-01
-9.183084604190743239e-01
-8.569823162882586054e-01
-4.990549120336547628e-01
3.556759764274203817e-01
-6.401252535197579085e-01
9.610938992925384117e-01
-1.515713008970084041e-01
6.609961007233385866e-01
-7.610714184243745350e-01
7.100939778195043406e-01
-2.563935070188010368e-01
-9.732605895471995172e-01
5.959985934129206075e-01
3.044511415075401572e-02
7.376177089343438631e-02
-2.702916276225967307e-01
6.072171861491457712e-01
9.973634506843547243e-01
9.797147280440614558e-01
-2.983047195104122640e-01
-6.969984129289672481e-01
4.001490850767057683e-01
-1.547584847170815903e-01
-5.510973827494376476e-01
-7.692124775862096975e-01
7.314935253362073730e-01
9.657213676476024133e-01
6.027235337838969809e-01
-7.702907981403770421e-01
6.782222867967599989e-01
9.230865243121846309e-01
-9.249086562454963412e-01
-3.227950564745450945e-01
6.628153502208683490e-01
-3.522833928050100871e-01
-6.653790434947648436e-01
6.325595512032131662e-01
-6.654823770292488394e-01
6.092308706445570543e-02
6.761337149501779331e-01
4.375195169272898532e-01
-5.598338697821067522e-02
5.282506003453599774e-01
6.585944489189847761e-01
3.018730330133344575e-01
3.055974224071882350e-01
6.286967004070970200e-01
-9.823957589344080032e-01
-6.813290103340249315e-01
-3.144731385063026519e-01
2.071543799041578038e-01
8.522426097000024292e-01
6.484792544784540036e-03
6.702708369787045983e-01
-7.668662732685729289e-01
6.170621077743350114e-01
9.932103648974415222e-01
-4.309766769338192471e-01
7.548487401636301275e-01
4.647271488905860837e-01
-8.787064868798759587e-01
-3.337902501310652803e-01
9.923168764449191714e-01
8.032244568801114593e-01
5.995359429510783711e-01
-7.541784677099233614e-02
-6.740909547108568933e-01
3.116947471321204755e-01
-9.882750197444296614e-01
-1.187381368775167478e-01
-4.088077779089324681e-01
6.702111097433636200e-01
-2.092271040793989845e-01
6.157304544420627579e-01
9.384281245427342766e-01
9.999725592853421219e-01
-3.196287119397944743e-02
3.063041686334644353e-01
1.805815397775694664e-01
-5.677752591186773223e-01
-7.456863411489192961e-01
9.383648952271095300e-02
-4.638036877386141899e-01
1.468516654395699561e-01
-1.261664466005148755e-01
-8.640591327841649072e-01
9.847195311553673669e-01
3.630509808758771162e-01
4.578674255218168065e-01
-2.843633741912280910e-01
-5.201079428671186167e-02
-3.780791464471874863e-02
8.072716489856359701e-01
9.708382819480690928e-01
-4.073342864728819041e-02
2.564502087765686555e-01
-6.758479060668070026e-01
-1.032885785570755305e-01
-5.851187732258977814e-01
-5.527516638413630945e-01
-4.422863768273834761e-01
-8.835979122871305824e-01
-2.610386465061107497e-01
-3.671872343747647344e-02
