4.429094858688157887e-01
2.013651626728156230e-01
-1.466315014702974928e-01
-7.247626321577221864e-02
-5.769012723128092990e-01
3.813042981400449061e-01
-7.079939974906001021e-01
-7.471483555697916445e-02
-2.020159140090346250e-01
6.947845403015787680e-01
-1.808344753621506373e-01
-9.235132553213940554e-01
4.871452594023251703e-01
-1.616855967377518466e-01
8.602288481438918888e-02
2.157812135877190118e-01
-5.645067456591614796e-01
7.265308192386868980e-01
-8.620345850247936870e-01
-4.320592049522551936e-01
1.024824068342690964e-01
-9.387247695937515068e-01
9.948926494730303549e-01
9.508842566686913633e-01
6.373156758462092952e-01
-8.971845336793473624e-01
8.380962028139964382e-01
5.503674257320645413e-01
-4.208144717660917689e-01
3.174789170037033981e-01
-1.836780075557462588e-01
-1.224782518936576858e-01
-7.364451675928495034e-01
-1.417888652999670096e-01
6.430256960858081738e-01
1.706962217557501937e-01
2.946054330972147639e-01
-8.392573439841455318e-01
-4.758577951395780437e-01
9.649831321686587193e-01
-2.649109401594113011e-01
8.769598560846679769e-01
-7.926399399908601318e-01
-5.300432374189686380e-01
1.989651508985730913e-02
1.459326097650565646e-01
-8.524379876924884636e-01
4.481614440270600963e-02
-2.808103141138628689e-01
3.207668169239470402e-01
-7.997574546926368155e-01
8.801876920011458827e-02
-4.174088379611983757e-01
6.048883481138449536e-01
-1.392576775582127779e-01
4.616461785614721647e-01
5.751777393272897720e-01
8.313144211166413333e-01
8.590952029742171536e-01
8.819363637531771882e-01
1.370499469078350629e-01
-6.465586952442797797e-01
9.120267794171620090e-02
3.769266718006526462e-01
3.150925082658558862e-01
4.531447537634257783e-01
2.929595704901856723e-01
-1.786615860679602874e-01
1.011583723635191001e-01
5.868746096300291315e-01
8.435978744068751978e-02
-9.841763955240578898e-01
-1.372805675918248314e-01
-7.743481967459225901e-01
1.587523182703087787e-02
-4.632602907192813202e-01
5.039075229585764371e-01
6.466922642485173345e-01
-8.808020114827408431e-02
4.661126683353105093e-01
7.972745263845449903e-01
-3.174885656166097636e-01
-2.385802971416778329e-02
1.042074946142301783e-01
-1.827628729900876436e-01
-4.941872610381346509e-01
6.548053233361108560e-01
3.335750558834821300e-01
6.797323680937000789e-01
-7.251668292270121441e-01
8.542242106223834064e-01
1.928447044429040802e-01
3.033069953071110270e-01
-6.855086567331296621e-01
8.926649321974245987e-01
6.930812303889445358e-01
-8.528234337031647128e-01
-7.312112941958739398e-01
9.396340580941137111e-01
7.701197553197892676e-01
9.344553223452967128e-01
-7.834991992194693111e-01
-9.821465207951827203e-01
-5.339507314121256787e-01
-5.245530855868901776e-01
-7.121318066468025343e-01
5.080620699466731338e-02
-4.980475708977537552e-01
-6.407559646900906625e-01
-2.373183517458757608e-01
-7.850870716132156701e-01
-2.442450196683827734e-02
-4.410648033252572153e-01
-2.064871845448643661e-01
-8.217934623745100087e-01
8.920493484857763278e-01
3.974620092523861725e-01
2.225577616029724703e-01
7.093624688789931243e-01
-2.708602188286202139e-01
8.466020891181322838e-01
-9.299666060651382571e-01
-3.075977731161845252e-01
6.044962911114558357e-02
6.326712427727279042e-01
9.905120389457990893e-01
-9.007855396830777295e-01
-6.266120857755600460e-01
2.108983145266687675e-01
8.969108372619352121e-01
-8.988302693529851561e-01
-7.807148944940828228e-02
6.941073378897349988e-01
8.353459999206001019e-01
8.558690931483945441e-01
-4.078422973911091098e-01
8.354208003540568583e-01
-9.110018300987706708e-01
-7.752675604187422853e-03
6.149945912367353884e-01
7.786729450262281915e-01
2.643649007123159977e-01
9.476183325927649559e-01
-8.439360278696814710e-01
7.358282958022256404e-01
-8.904926808225479551e-01
-9.608996748652178788e-01
-1.694326898874043419e-01
-9.204850372834683103e-01
1.321590571992177776e-01
-6.876681355113684058e-01
-9.573168385930059809e-01
-3.724126792427615018e-02
-6.553417788503937969e-01
7.311716092945218515e-01
6.783689675112458684e-01
8.060947041500782229e-01
-7.119455945489669979e-01
8.999291582623759611e-01
9.570513407888829871e-01
-4.239311746485501242e-01
2.544616494515606897e-01
2.035303856086839169e-01
-2.708432451177658074e-01
-2.104855674527461584e-01
3.376239481595439962e-01
-1.825567648128104126e-01
1.128205069466185761e-01
5.325524546631796863e-01
-1.232923613614140268e-01
-8.012572863980668703e-02
1.459610570867682644e-01
-7.242330286905710457e-01
1.300085556769683681e-01
-4.047478645191655566e-01
2.666938315162510342e-01
8.505950936920703143e-01
1.198699348882359406e-01
1.486836584177341491e-01
-7.609266287524549810e-01
9.528132450968358480e-01
-2.568787019914569453e-02
-7.252166756294673444e-01
-6.930725787682011640e-01
9.695946396809235202e-02
-1.269427260890169107e-01
8.873727515374757457e-01
-2.659959271544346526e-01
7.989211447518331788e-01
-9.158032251597039153e-01
9.898870732063024258e-01
5.951562562125182199e-01
4.287676390119727898e-01
3.655306579522646926e-01
4.044398962138957554e-01
3.271676187100160949e-01
-6.642172306285618610e-01
-9.167024252027100584e-02
-8.925604362161821959e-01
-9.549849305277622324e-01
1.507031827766373844e-01
-8.294197208427168677e-01
7.577783842234355749e-01
-8.119399660156016996e-01
-7.791895354444884347e-01
9.212867156342103847e-01
-6.973613284363298082e-01
-3.117281062436161876e-01
-5.685999922485980296e-01
8.320146079592377619e-01
1.536891670271027244e-01
5.575522067619504973e-01
-7.476656394934702021e-01
7.563667119166606057e-01
5.321906873022248519e-01
-7.659262260251933352e-01
1.542143578930279257e-01
-7.689434634284737502e-01
9.992369875137075974e-01
-9.968998684803062060e-01
5.933256325426976563e-01
2.736782810395307353e-01
-6.269783025133874865e-01
2.548569268335500460e-01
7.877126120283544086e-01
-9.460543146164148709e-01
-1.466827120767886239e-01
-9.458127970409035967e-02
-4.693450877042268377e-01
4.017346816333300374e-02
-4.363377991221879526e-01
-5.532186882124792149e-01
5.809378312920518428e-02
1.341264051869046070e-01
7.140605728739863878e-01
-7.006200926871166690e-01
-7.376103487743962406e-01
6.087924758603523445e-01
7.472999947871981075e-01
5.505476049785362758e-01
7.617290111237338124e-01
2.180846531676494116e-01
9.874963925205751947e-01
8.994399688376913948e-01
7.547394677373679972e-01
-9.950070974257377854e-01
-3.393019569866451146e-01
-5.806401107515296589e-01
-3.805089811612097916e-01
5.269333471454502593e-01
3.671520873119030748e-01
1.978826795479794454e-01
4.466885033381126635e-01
2.833667119171082716e-01
-1.021275726311162146e-01
4.435149001144237380e-01
2.170467345285688743e-01
6.621294442083530685e-01
-7.406194882225071163e-01
-7.713157223278297447e-01
7.120969105627674711e-01
-4.828962415986620682e-02
8.908569242017438938e-01
-9.984473302157433894e-01
-4.292054758943131265e-01
