1.774451673882172509e-01
-7.288847339243381684e-01
-8.711477420767435031e-01
-5.238152543086698198e-01
-5.212163117570457471e-01
3.155657207591387459e-01
-4.304704016438641312e-01
1.994335159118531542e-01
-4.688844940184197507e-01
-3.445652200340625915e-01
2.534289205409241408e-01
-9.239920756422372872e-01
-9.261303263325602053e-01
9.981356538148651314e-01
-7.576021895010994767e-01
6.958463212199044179e-01
1.481666604350875271e-01
9.261100242024461471e-02
-6.247629280356734593e-01
4.775986014151751835e-01
6.623599026070914331e-01
7.162018702285609661e-01
-5.211069929263802969e-01
-8.256475992168202938e-01
-8.817685223106740411e-01
2.059792677186363941e-01
-8.662295358637054354e-01
6.441510025610217571e-01
4.584525340016883943e-01
7.352537671588621482e-01
-5.042232716023994366e-01
9.402124722522942069e-01
1.331507298536153960e-01
9.632605776578532231e-01
-9.707894803668801753e-01
4.242519553437950064e-01
-8.558033622572974730e-01
9.855951055317494491e-01
-4.235023390801930243e-01
-8.685388400716431700e-01
-5.362463678718146776e-01
-8.311636864525200341e-01
2.143738051545767132e-01
3.553708249279314280e-01
-9.865170432186792793e-01
-5.328542822808052248e-01
-6.660738156366546869e-02
9.894658269055319755e-01
-9.734593195503843388e-02
8.306071389329857668e-01
-2.769367596983154933e-02
-5.625139581676655842e-01
2.952301317794452373e-01
9.666899001738971098e-01
-6.678887793401164785e-01
9.416398902267627546e-01
-7.438849895943135948e-01
-7.750680490964830804e-01
5.514491985257681250e-01
-9.906355696334597782e-01
7.652515596100160078e-01
4.307431561712621315e-01
2.961933060888222169e-01
5.516479247746720604e-01
3.323233862612709477e-02
-7.889239851808733939e-02
-5.591475108591799081e-01
-1.724947279019117818e-01
-8.475632515423215940e-01
9.492768771375565962e-01
-6.643019133681488109e-01
-8.000884707155894171e-01
-1.399710537806301246e-02
-1.868993945983656868e-01
9.386403480297751400e-01
-5.357365163436926814e-01
9.719533176764341142e-01
-5.856057897163341464e-03
-4.179106398357748664e-01
-4.898113260376024680e-01
3.998497867710093523e-02
6.641800634275005777e-01
8.454514065248162069e-01
-6.136410973447150585e-01
2.500965095089098256e-01
-1.924433046605217301e-01
-4.977179358789770025e-01
1.379541134570258509e-02
8.234932919762688597e-01
5.207983340501973757e-01
1.631217930252815140e-02
-5.684036284015246965e-01
4.756097902079726714e-01
2.867882483163498586e-01
-7.375871705970128422e-01
4.213655106711144960e-01
-6.424770865134457054e-01
-5.915975910056617826e-01
2.922971060686079814e-01
2.726423519769191617e-02
9.403696439706595855e-01
-4.764289549929944245e-01
3.809975148525523436e-01
-1.395598505788819832e-01
-2.175181728262343128e-01
-4.944186534747143646e-01
2.898180965897686479e-01
8.515788049077965827e-01
-4.043789527264698425e-01
7.068125924134173177e-01
-5.998251678026040867e-01
-9.784706610476241462e-01
-8.129909950176765765e-01
-3.471146272520852505e-01
9.848687596773323394e-01
-5.801045594817105799e-01
6.215523582327601160e-01
-3.046669046243187240e-01
-2.106887603458137970e-01
6.359872723466546418e-01
-7.056795769353840786e-01
5.640788122934504711e-01
5.779266629927188870e-01
6.209023971376126383e-01
-1.944682330704209927e-01
-7.761532931700846349e-01
-8.433972841505888995e-01
3.945927719299635039e-01
-6.598342240643683132e-01
8.212296239240253204e-01
5.715084646543581171e-01
1.764976999424061610e-01
8.174797767718360308e-01
-7.405462744752109305e-01
2.399167232100639091e-01
2.344296605629626051e-01
9.878643629762313694e-01
-1.477515743921494484e-01
-2.086803473671148823e-01
5.593929528249337313e-01
5.099881282752197764e-01
-3.991676615155439478e-01
6.585641629214527004e-01
8.017102918040157344e-02
4.850630923210861450e-02
-5.189654915959382997e-01
-9.895822683832203870e-01
-4.473000177637040387e-01
-1.816313508667954657e-01
-5.009988216694474250e-01
7.314577180978110160e-02
9.455684259607075592e-01
8.859614256804116961e-01
-6.823981762401926110e-01
-2.887715382530042230e-01
-5.756013456744988321e-01
-3.986072820108060855e-01
6.294305873668262219e-01
9.998506352549952902e-01
5.121590046162104448e-01
-1.603024067858064283e-01
9.991481726331520319e-01
-8.926969250608594031e-01
8.311546638537512521e-01
-6.220149888282637818e-01
-7.155362744285115317e-02
-3.541138522900140195e-01
2.035591903402790837e-01
2.399346026611299532e-01
-1.122447529256011545e-01
3.000445965855242925e-01
-1.707840001449404121e-01
1.883640020283477434e-01
3.405374608673155112e-01
-1.027856996471194773e-01
-2.760125932986410291e-01
-8.150145184649825181e-01
2.389461733790838593e-01
9.886839035934149589e-01
-4.864787077272299531e-01
-9.966666631808414056e-01
-3.042505167193028104e-01
6.975963667336020357e-01
-8.406156882066748715e-01
-8.536794194652428391e-01
-1.996927251425190675e-01
6.039327786646604412e-01
-6.460720927672676250e-01
4.282010052319096954e-02
8.320243391270375488e-01
1.544330836581784272e-01
-8.077000642994973667e-01
2.888413971759116183e-01
-6.729408064632855790e-01
3.592718542683791538e-01
-3.030138455093470684e-01
6.031463906610605719e-01
7.220692045532702830e-01
-3.429185870560668148e-01
-9.206168257810142252e-01
-8.954224683282069330e-02
-4.382740751322511397e-02
-3.885916258503114840e-01
9.987250198468154982e-01
-9.247669424372273461e-02
2.417780344432338691e-01
-4.295467174992720905e-01
-9.977428711626039615e-01
1.851814955781518335e-01
1.471412025236984999e-01
1.458046922532231782e-01
1.479092591903657383e-01
9.895282416929971347e-01
-1.515517310163403686e-01
9.996191882891326541e-01
9.577940017975140607e-01
-5.399270124559434336e-01
-6.596807549609812193e-01
-2.836009027647111713e-01
-7.796943717401498830e-01
-2.554954133372219771e-02
2.015542809963696835e-01
9.526741321867617796e-01
6.213975156649235165e-01
-1.496514255021160200e-01
-4.537317250675861890e-01
9.933916705457500607e-01
-8.657602882775129460e-01
-1.662543830159274316e-01
-1.660001486457485798e-01
-1.988230244581385697e-01
-3.284177016722839570e-01
3.992214333809390725e-03
4.906132898560469635e-02
-9.820327945500333389e-01
-1.722854340167049303e-01
8.018635947465789782e-01
-4.345081163045855788e-01
-8.158401577022157403e-01
9.974913580876492158e-01
3.184535472682561430e-01
2.914307942190019762e-01
-2.506390675274434710e-01
5.940889077971706067e-02
-2.131412412089583319e-01
2.495443117418423840e-01
-6.876520294196808436e-01
7.166396995870472075e-01
4.457613289077491103e-01
5.262951423644619542e-01
2.876077887347722184e-01
5.472175000323542537e-01
4.362952365178647263e-01
8.655168692010141163e-01
6.862579584264167920e-01
-4.045962109448279498e-01
-7.822682498487699698e-01
-1.590899844061994250e-01
5.288461819898699900e-01
2.955002171210330264e-01
-4.549895807586724072e-01
5.925063487279123020e-01
2.287612816307717511e-01
1.541782523076299372e-01
-9.475183812538150452e-01
