-9.541610258375622378e-01
1.968034658212226007e-01
-4.643690453427600229e-01
6.666695245903796474e-01
5.707242263255547510e-01
-2.600241665668303614e-01
-9.916402416581147072e-01
-7.484766229729976628e-01
-2.035510243180894130e-01
-3.636334037186848001e-01
6.757377103595242351e-01
-7.750066050130982598e-01
4.897459660018734784e-01
1.628353834706215419e-01
2.468868655505365162e-01
-7.610461987037482334e-01
-2.986365346391849362e-01
9.167917939721509368e-01
8.360218929458596016e-01
-1.159071051675128472e-01
8.560099354387655513e-02
-5.269377441690659136e-01
-2.153281432706678489e-01
-9.337773528189212691e-01
4.038116413025279461e-01
-3.664712399628412554e-01
-3.362487964244717520e-01
-8.901927166524122859e-01
9.546329979718252146e-01
-8.071169936022140612e-02
4.356352455289237424e-01
-1.931150654347979778e-01
-7.655100699852850354e-01
-7.569469515671447546e-01
9.181371276906171719e-01
-6.172227176656639447e-01
-8.570704093560008729e-01
-6.597684331475699437e-01
-8.386580712379545499e-01
-3.774430796223515183e-01
-4.305339975961105514e-01
-1.145353228456293393e-01
3.041573164363333692e-01
8.489027846726227011e-01
-8.587920597220235486e-01
5.181137912492339570e-01
9.539978093695519190e-01
3.393205071593774491e-01
-5.919266388245344457e-01
-3.957925935064518508e-01
-4.264554749230345942e-01
6.625178185173949963e-01
6.588931783330274072e-01
-6.353441534025279225e-01
-2.074599300766958310e-01
-3.838539988342823950e-01
-1.482944141011326988e-01
-3.075032003989295326e-01
-5.292620525397309095e-01
-2.521868763433189886e-01
-5.078007368388146592e-01
-8.293061271393542544e-01
8.956327650124689121e-01
4.636888421845379860e-01
7.345990037898977865e-02
-4.080574412838877674e-01
-8.047107334807216406e-01
6.274681921423301834e-01
2.945701448998203631e-01
4.828037262765565996e-01
-7.039624097114114409e-01
1.721102212110119656e-01
-9.185934722455981749e-01
1.328129295564799139e-01
-3.652453506984382203e-01
-1.386952319680884727e-01
3.317691235339967903e-01
-1.673799462443915226e-02
6.034275104518221911e-01
-1.960039097157234012e-01
6.764342287142269816e-01
-1.535707464584641357e-01
4.894173869377569375e-01
-1.000000000000000000e+00
-1.000000000000000000e+00
-6.240245478584203198e-01
-3.371114819804029716e-01
-5.241616187653739267e-01
5.021990970518382946e-01
-4.120989293691618149e-01
-5.975809510314884498e-01
-7.079936397807078396e-01
8.314467871602879701e-01
-9.782778938120605394e-01
4.237916583277033800e-01
6.906368098590101035e-01
1.000000000000000000e+00
-6.977821739909821908e-01
1.745780065142212012e-01
-6.961988838113865041e-01
5.693640177718315432e-01
1.814826725239950811e-01
6.951802811639867796e-02
8.821959080759631533e-01
8.140246692351672531e-01
-4.005317592928142045e-01
3.762639312370557043e-01
9.661969592017722874e-01
-1.461319255334820599e-01
3.365551804484339660e-01
-6.861425417395486948e-01
-6.495425505192486959e-01
3.085869479125294065e-02
-1.857985436891007869e-01
2.245218823748836023e-01
-1.582354004715070539e-01
-8.040580060248421201e-01
6.277660638888328259e-01
-1.000000000000000000e+00
4.832384194672957323e-01
-9.160575035624365370e-01
-3.226276352581173845e-01
1.000000000000000000e+00
8.451078595240668623e-01
-9.924639214629255024e-01
-9.784772620678171551e-01
6.245039684950614428e-02
-6.792828278652534024e-01
1.866339159339831105e-03
-1.142786986381112146e-01
9.439341643516785396e-01
-5.303179726105611280e-01
9.591385881058380747e-01
-5.208605158738407459e-01
1.000000000000000000e+00
-9.041946654567925012e-01
2.493730150983040628e-01
-7.661127107292123872e-01
-6.699443154527884303e-01
9.868042182814583674e-01
5.774106334865619639e-01
-7.502639390460944524e-01
5.776883408026428635e-01
-3.627499796413931610e-01
-2.009929801960100848e-01
-5.491705063919710694e-01
6.441322066371600874e-01
-1.228618798433010195e-01
-5.551884331867810163e-01
2.210490457637757228e-02
1.645167056192953225e-01
-8.444764865564658995e-01
4.745647583984137774e-01
8.208329439639810987e-01
6.787980299240355953e-01
7.755500387044915733e-01
1.548171400590097335e-01
-6.848706070037592630e-02
-6.487837524794671795e-01
-7.218615703820020491e-01
3.969173268923559261e-01
-8.076588044281513001e-01
6.735210656793874096e-01
3.498263767362997934e-01
-8.610136350919358472e-01
-4.239199421827400949e-01
5.784219666545495908e-01
5.126228529295042691e-01
3.524115984578419236e-01
-7.772261878306316873e-01
6.389962730760535559e-01
9.206080542855779592e-02
1.000000000000000000e+00
-5.544927775029009354e-01
-9.940436921944550974e-01
5.492781106991014850e-01
-3.756890010132279967e-02
3.791851614230091205e-01
8.629031784051468534e-01
-8.085254312676023458e-01
4.325978851470814734e-01
-8.058282564241970869e-01
-5.046639292047545577e-01
-1.627622633298193011e-01
-5.705055609247293713e-01
-2.715204150599201394e-01
-1.802699302405823545e-01
-5.442972026464023561e-01
2.206245183821676503e-01
-7.179244347808320104e-01
6.879559986834021812e-01
8.151747239328936967e-01
-8.519937316537969929e-01
-5.129150348156578110e-01
-7.987087726953951972e-01
2.389011669909923696e-01
1.000000000000000000e+00
6.129766668166554133e-01
-3.906444655932730936e-01
1.000000000000000000e+00
-1.359916005643614992e-03
8.226621535303171306e-01
3.080312103122368472e-01
4.372388583126855799e-02
2.305754169358810723e-01
-3.242896594352162598e-01
8.470807532130033568e-01
9.151273524184166952e-01
5.133715472186816120e-01
9.740289604620809838e-01
-9.263101793033311493e-01
-5.106840908909793253e-01
-2.897102925964639697e-01
8.635205599102846463e-01
9.600407063669730290e-01
1.000000000000000000e+00
5.273018341857009794e-01
-5.879777586106673670e-01
-1.000000000000000000e+00
-1.464766754375854130e-01
3.905670641367759988e-01
7.321203024519053193e-02
-7.785973020459076022e-01
-1.002544611204637115e-01
-7.315797629805902424e-01
-4.353422908681158776e-01
3.967118167405211948e-01
9.763850942996357141e-01
5.455940172850439751e-01
6.924962396443147261e-01
-7.814133164217970107e-01
-2.502392435203067977e-01
8.033978818436448011e-01
4.481504717476689770e-01
8.745226099146963250e-01
2.505100075008236948e-01
-8.986239062028180680e-01
-8.053911669456952360e-01
2.454331539720629174e-01
8.098263416839171502e-02
-8.780904748282436501e-01
-8.379088894823621958e-01
-6.244644116343109896e-01
-4.559584202836642897e-01
-7.206429423274161028e-01
-1.898585573105111279e-01
3.065876196728921088e-01
1.000000000000000000e+00
-3.984932377876724829e-01
-2.443009494807142079e-01
-7.733037533252437035e-01
8.742881167887158744e-01
3.398695242186207111e-01
2.881929506523717155e-01
9.714561567571294853e-01
2.361306855065159194e-01
-1.154644766858451549e-01
2.582698389690987403e-02
-1.668228946942753588e-01
1.257896801499770387e-02
-9.578640391699188017e-01
-1.000000000000000000e+00
-3.533565149923242332e-01
-4.968316310982193729e-01
-9.673608485899828358e-01
