4.624276123426035445e-01
-4.925928071071058456e-01
-8.711477420767435031e-01
-5.238152543086698198e-01
-3.056727521731812947e-01
3.155657207591387459e-01
-8.060206896244725971e-02
1.994335159118531542e-01
-4.688844940184197507e-01
-4.670906811571983175e-01
2.534289205409241408e-01
-8.968523169118692850e-01
-6.249532072152552686e-01
9.865020616582789170e-01
-7.576021895010994767e-01
3.837814397512310793e-01
4.557320846854349267e-02
8.515749535439188778e-01
-4.773096818582110989e-01
3.368743713519802840e-01
9.391688613139803632e-01
7.162018702285609661e-01
-4.376442646480045440e-01
-9.303369096567087881e-01
-8.869908314729293419e-01
4.460268740888722605e-01
-8.062690652579822537e-01
6.441510025610217571e-01
7.625878402262167288e-01
6.736700346835002851e-01
-7.010886343230603446e-01
9.745598195495323024e-01
1.512033708727408554e-01
6.337507405067285271e-01
-5.653339620284679734e-01
1.504073039988134963e-01
-5.502912510208350927e-01
8.724567585676504811e-01
-4.185836704288969923e-02
-8.343372754482065723e-01
-3.668795331289349537e-01
-4.891644399789703557e-01
4.960734082662268118e-01
-6.954612396978761268e-02
9.409130558645998343e-01
2.606604973057622954e-01
1.651955838262277876e-01
-2.852974521336317792e-01
-8.227309737005878976e-01
9.891577027767004537e-01
4.844871633584473258e-01
8.691112235755147353e-01
-7.373894795232496246e-01
-6.233911928432102068e-01
-8.260418126119073445e-01
-1.019434943852563502e-01
-4.308294744475578142e-01
-4.614637779974029019e-01
6.546429919110090534e-01
7.670331390070603828e-01
-9.560046446253649410e-01
-8.332487684730706112e-01
1.283064299692011911e-01
-6.967117639054198897e-02
9.354606057435259636e-01
3.637428566267889574e-01
5.601241182418860154e-01
2.287666692813099534e-01
-1.976498849325928064e-01
-1.571494381599136680e-02
6.037066565605546664e-01
-1.112142684735070719e-03
8.027409287093377754e-01
7.068644490132171276e-02
-4.723258395836685830e-01
-8.265779063834256535e-01
7.325691242755199006e-01
5.613080295393502173e-01
-7.141011565913781833e-01
7.033238617678199134e-01
-8.059219007456499551e-01
-1.929257498146061123e-01
2.423408434132267586e-01
1.889335501517560578e-01
6.695671649910830414e-01
-4.797954156667042502e-01
7.156334921669025295e-01
2.571308923550120751e-01
-4.761070162955741147e-01
-8.526634886498778432e-01
1.898001975868983393e-01
2.047820029961895660e-02
-3.660383354281197543e-01
2.867882483163498586e-01
-3.874648661788714366e-01
2.197440527268570976e-01
-8.288961292148198101e-01
-4.823675185713229285e-01
-1.017109692184786640e-01
-4.285278759578189933e-02
2.367905181893467104e-01
-2.530352452544077368e-01
5.359608025413498122e-01
2.675459472285551810e-01
-1.331400591007358969e-01
-6.333825746835933801e-01
1.992698119391057288e-01
-3.156659128690593175e-01
-8.359760284872950198e-01
9.979849031308449803e-01
-2.223170445551779784e-01
-5.423855612387863401e-01
-6.934401558492788720e-01
-2.603534839724325201e-01
9.948614788560737887e-01
-2.957891421456892989e-01
-4.138211197718885681e-01
9.961942826861004407e-01
-7.987986643033282430e-01
-1.255538874882506928e-01
8.497979411457082799e-01
9.916190566050999688e-01
5.531612497792218752e-01
9.750590804397615274e-01
-1.259202240254800320e-01
3.874165743754393598e-01
-2.459218484560052875e-01
2.432177500463424957e-01
-9.381707092950507532e-01
7.361823816897890005e-01
5.381078003574905066e-01
-2.027680096504775320e-01
3.963249231118767812e-01
9.401085259027222030e-01
-9.165572750515118550e-01
-9.816737635417048802e-01
4.677362414669456459e-01
3.947306612545404825e-01
5.834345923830197567e-02
-3.066630011823460733e-01
-4.245605146345416969e-01
5.883678907782677880e-01
1.300388217740895136e-01
-9.874811002473360411e-01
1.749601585807644688e-01
6.512381076682915992e-01
-9.867098141687988822e-01
-7.551440597554561762e-01
-7.187534795516477004e-01
-4.244345303152889937e-01
-7.215531617049336655e-01
1.461388399576430130e-01
6.902207606479884294e-01
-4.874057342273180327e-01
1.988622423312135512e-01
-9.581437271146571177e-01
-9.992533083452912468e-01
-6.182164838838111187e-01
-5.781905423633879604e-01
9.476049155695727144e-01
-3.209342981626939206e-01
8.038068591484393011e-01
-9.558906573547256702e-01
6.551340064554782572e-01
-1.295831623879402650e-01
7.843913459514792463e-02
-5.651030077300391863e-01
-2.941777320480191138e-01
-1.474738768224948537e-01
2.461900839420524678e-01
-5.381043991371514679e-03
-9.088169124438445490e-01
3.525841672219845457e-01
5.362351142728041253e-01
1.944890857406731954e-01
3.806480547205387532e-02
-8.430159730310298194e-01
2.730278523200668772e-02
8.255056000559510831e-01
-3.388845651257157421e-01
-4.764996579652538977e-01
-5.794049414597250980e-01
6.969363399999610742e-01
-3.051165030321227878e-01
-4.845274260004947542e-01
-9.034981037076894594e-02
8.534858562170002383e-01
-7.846254340429921204e-01
7.896272485878208514e-03
9.597672267341850194e-01
-5.232127298690768258e-02
-9.839840006427510444e-01
6.684058607942816588e-01
-5.729855179300995527e-01
2.876326113338606993e-01
1.320436051523586618e-01
6.300920264283955685e-01
7.491451390841765701e-01
4.763831459563208637e-02
-5.747640956147637148e-01
3.887878662304511956e-01
-1.773313048304501205e-01
7.346847599226929981e-02
5.352608639207181440e-01
-3.447382666987423017e-01
-8.685917667087663663e-01
-2.981659119556001603e-02
-6.367935118620139390e-01
-1.279336305446381605e-01
1.741946309795192604e-01
-1.443159228942865191e-01
4.895122057314520436e-01
9.895282416929971347e-01
2.823636503326431013e-01
9.989523262012020011e-01
8.978620456714906384e-01
-9.792510349040630668e-01
-7.251461756865931196e-01
-4.444894577867894436e-01
-5.193815361234621619e-01
-8.097116572467893958e-02
9.227780936824461766e-02
8.075203720872782265e-01
9.184268862136959477e-01
-3.366845712219352915e-01
-6.859391082452346300e-01
9.407404351162056422e-01
-9.810421142766392322e-01
1.224506725401552920e-02
-4.404211919361011862e-01
-1.988230244581385697e-01
-4.102403125854594546e-01
-2.441623423778765400e-01
1.585942145918072810e-01
-9.781599319636168355e-01
-3.286078157739016903e-02
6.545032478302039713e-01
-9.237861170554725887e-02
-8.158401577022157403e-01
6.823529528946430389e-01
3.184535472682561430e-01
2.914307942190019762e-01
-2.506390675274434710e-01
-4.742578505309940073e-01
-2.131412412089583319e-01
4.642439744395228107e-01
-6.583510823895334374e-01
6.273044112628136659e-01
4.457613289077491103e-01
4.033719913169495630e-01
7.566416646238172117e-01
3.546575015968034816e-01
1.731910531275628329e-01
5.078113872654352878e-01
9.238425544058319616e-01
2.621586781533023491e-01
-6.706210674124748472e-01
-3.717884876647284953e-01
5.417883007616051128e-01
-2.803708908411284284e-01
-7.882124946601976045e-01
6.823840803751602957e-01
5.654492753504283264e-01
3.552667156621603928e-01
-4.032356043961762282e-01
