-4.408199093336997443e-01
7.583338706414816111e-02
6.948661700414582310e-01
5.179894516859129272e-01
4.190704586610997651e-01
3.835142123270853243e-01
-4.871720650474729020e-01
9.439044353918877306e-01
-1.464752543001368590e-01
-7.872732558005165471e-01
-6.669884091926019387e-01
-1.695392357071233702e-01
-5.594327125709273041e-01
1.884681540175894843e-02
5.259992509981155084e-01
5.561744591989591369e-01
4.976239796770863255e-01
3.257552783802252216e-01
-7.952073554560034063e-01
-3.117336280143641059e-01
8.395060525741965263e-01
1.177337568808594082e-01
-2.950560592150793249e-01
-4.802860992650219707e-01
-7.140953207990310414e-01
9.801839149840519960e-01
1.732153559443727620e-01
-5.490393454418072139e-01
2.697485617769707633e-01
-3.119853589667093696e-01
4.182415391665621207e-02
1.505587353294634279e-01
-8.778026809669744468e-01
-9.164337701221528798e-01
-3.818987480292636016e-01
-7.178333676225534532e-01
5.688591216497818071e-01
5.164855991715611161e-01
-7.752547396515722111e-01
-6.820322611262699120e-01
-3.294429547460590579e-01
-2.365959889082941969e-01
6.627201234741719738e-01
-2.249048046498843823e-01
8.217265674027099953e-01
8.057918577969556129e-01
2.724589340258360970e-01
4.676364383782150025e-01
8.191456888016450666e-01
-8.113888375132500830e-01
9.989955812611197583e-01
-2.370655679960638473e-01
9.634200615898436126e-01
5.800878287732565142e-02
-7.455855438656269207e-01
9.288666498730081544e-01
-3.032453757828044161e-01
7.985494214424162518e-01
-4.240308894198322465e-01
7.686304656121864531e-02
-6.170763075918019869e-01
-1.237616921018388078e-01
1.572457317473789362e-01
3.002806631057510778e-01
-7.637446579289588477e-01
-9.253162683337593508e-01
6.913801088867309597e-01
8.477236844655756665e-01
8.513420733819748731e-01
4.774475435197668149e-01
6.692880915075374304e-01
2.767512761597378801e-01
5.419369946744502231e-01
3.343715829175534227e-01
7.460324235707851415e-01
-5.672262594538503011e-01
2.027275042641417391e-01
8.922281606175814783e-01
-2.055040071822422654e-02
3.061139154803529938e-01
-5.627727653400683983e-02
3.613001872021979755e-01
-5.031121560622459077e-01
-8.053630565804970054e-01
6.430163540195463767e-01
-9.309096330591259960e-02
-1.631050961238867392e-01
2.836974829617183169e-01
-6.384127128377350413e-01
9.464704806029345940e-01
-1.627757282300359432e-01
1.846082868838520574e-01
8.927603748680557061e-01
2.154639338517038427e-01
-7.793785759389312284e-01
-5.296803306257590327e-01
-8.479372965581097876e-01
5.799902279831304908e-01
-1.825298923384910954e-01
8.396092053830124247e-01
-4.146640695771805496e-01
-4.591532539613615849e-02
-6.437275149781628292e-01
-1.041118082473013740e-02
9.345256253435649807e-01
5.792030149179411280e-02
7.520850716036004968e-01
-8.945269002350426657e-01
6.322523639802704043e-01
-6.704936871538044185e-01
-9.972183965634634495e-01
6.397085348793132287e-01
3.937521294027797603e-01
-4.665301580085363664e-01
-6.940382204137246491e-01
5.462336449506590697e-01
7.888351118323194688e-02
-1.395138695354219138e-01
4.373434304928043304e-01
-4.921690078279913338e-01
-9.161131143712780700e-03
-9.311649268495081344e-01
2.267069337885470048e-01
6.055907927070069974e-02
-7.145392036469754293e-01
-1.908779544884743329e-01
-3.878523771922042229e-01
7.940704902732871329e-01
5.776465737529711680e-02
6.796572176174640045e-01
-2.135414729256508021e-02
1.111399119537863356e-01
8.263263631180774171e-03
6.739759955078089559e-01
-4.209202644718253450e-01
-4.404983227785873034e-01
-2.582762556540649790e-01
7.807213187805819299e-01
-8.663203626762566723e-01
-6.011856396406852765e-01
4.685783121320487021e-01
-4.503274985556010579e-01
7.228051381623328275e-01
9.784739406149663976e-01
-9.344435985666915689e-01
-5.958689078388291760e-01
-1.797737944258749332e-01
-7.635333782489692744e-01
-6.827483121028067314e-01
-4.254311726798024607e-01
-2.896319601411990186e-01
1.834406443442933299e-01
-5.166454314249727675e-01
-8.736309409912168533e-01
-1.475163876773098737e-01
-2.964754888567761038e-03
7.440066870751995687e-01
4.667524937604240476e-01
1.735348482601831166e-01
9.356434492179147577e-01
-1.971193642542990454e-01
-2.674172041490177065e-01
-9.944929172012014762e-01
-9.526206440740273562e-01
5.055182800563716716e-01
6.885036863381622796e-01
-6.351330156246131065e-01
-5.866714724482908760e-01
-2.378907434453072511e-01
-2.364651654970144345e-01
7.242987166784551345e-01
5.541213711756045601e-01
6.502082191468745442e-01
8.247202321931300650e-01
-8.441967398578512638e-01
-3.767699014562229110e-01
5.752684149761768673e-01
-4.953831511422945866e-01
5.559280779172827147e-01
-1.236623171170118107e-01
4.678556308331841551e-01
2.047052821430942471e-01
5.820195642375597389e-02
-9.778890589989907012e-01
-5.246798601468801726e-01
5.337731313874716221e-01
-8.555656005236487172e-01
-8.020646632027950140e-02
6.207433234254093879e-01
-4.517031247276612205e-01
-4.834966689559208608e-01
-7.048668092652941031e-01
-8.114945390122069169e-01
2.465703757738265667e-01
7.561522035235004324e-01
5.147179637107346384e-01
2.076361365734927522e-01
7.917320212691464354e-01
-6.342063427651019047e-01
5.273721941394614587e-01
-7.521645417155780056e-01
-1.013900597948386023e-01
1.273771362573727917e-02
-2.972487525208930004e-01
6.853571474308912670e-01
3.095813282355056595e-01
3.801477680001332238e-01
-5.144630630880724365e-01
1.516479165086978276e-01
7.183265787958507120e-01
-5.286351131315125684e-02
8.822900728233172840e-01
-3.767273733859496376e-01
-4.161122849089258779e-01
-5.717862602401209138e-01
8.709793130495330216e-01
6.698536107460416611e-01
-9.961101218318300088e-01
3.271613852895708385e-01
4.855458125237478439e-01
-4.366958456828967106e-01
2.960373542608216169e-01
6.021862510107893751e-01
7.424450450828411485e-01
-5.702131688338274440e-02
-3.712126545715210280e-01
3.053928428303084308e-01
-5.263011339419676471e-01
7.807546978541620719e-01
-6.139227890009310018e-01
9.743949668961143784e-01
9.966140503213443136e-01
-7.297924746390682671e-01
-7.891370373068568034e-02
-9.581017247550353000e-01
2.468320450434647317e-01
-5.609429041289447637e-01
8.405036477150639174e-01
4.970013737298725753e-01
-4.418797130683288499e-01
-1.583028019759379901e-01
-6.089708053204911931e-03
4.299572457921716495e-01
-6.408845353422181201e-01
4.103550586591040994e-01
-1.015282877138599937e-01
-4.562189382354095435e-01
-1.795813305773568125e-01
-1.387090508637556785e-01
-9.191299960370005739e-02
-7.575232418333521789e-03
-9.906342180089444671e-01
7.125578025903077650e-01
-5.774905813555699652e-01
-7.274791266888845920e-01
6.885388927800596415e-01
7.260035473044481602e-01
9.719131337022038908e-01
3.885239101334760914e-01
9.211509395499246633e-01
-7.153364798788783840e-01
8.752412063007811716e-01
2.801712191739171298e-01
9.181820594727679863e-01
9.960084639869090095e-01
