6.224665264802199394e-01
9.208396224381590889e-01
7.084497460768093280e-01
-3.862933692526662743e-02
9.473824561920478615e-01
7.997259118858841553e-01
7.604277299509520915e-01
4.652602937034552300e-01
7.659646632903884811e-01
2.293834398878713543e-01
3.230281272823354866e-01
-5.399173363351608135e-01
1.778941267541511440e-01
9.998725065612372731e-01
-4.340992963651509884e-01
6.413469728374400214e-01
-4.684172095039296213e-03
9.944349271924902700e-01
-3.738356890714500946e-01
6.790362715136328831e-01
5.197177557381985613e-01
1.756164503293666523e-01
3.795638784622539230e-01
-6.419473665601993506e-01
-8.878915355826083600e-01
-2.950287522429233533e-01
6.379310876944501718e-01
6.122296466674710391e-01
9.821447766562522164e-01
-5.710561584810238678e-01
-9.869582671671680574e-01
-6.990040685007771204e-01
-6.768887176905802328e-02
6.691061379600627967e-01
-4.613086917490652472e-01
5.575374563989161647e-01
4.474430495671781749e-01
9.627306029863791359e-02
7.590770863024063342e-01
9.084909921292656509e-01
-9.366363895856844035e-01
-1.224196999202744607e-01
-3.773724574217866001e-01
3.547000504901382523e-01
5.687791630826499745e-03
9.743473600642464927e-01
-9.058867561509020838e-01
-7.510399419439457436e-01
5.103760750997967666e-01
-6.904466823479450399e-01
4.391970795109482184e-01
7.878019444778981972e-01
3.951762590900113059e-01
8.639643268386517638e-01
1.374815601122912068e-01
-4.284917817819277053e-01
-6.461311134814317070e-01
5.606164694285583616e-01
-6.534110159828081521e-01
9.795059121058123930e-01
-6.181361572779469071e-01
-9.354271044764224108e-01
1.933037713066115548e-01
-7.371535091055858580e-01
-4.712438625844505430e-02
2.998727869739274965e-01
-2.399941655096741455e-01
-4.654022400225171219e-01
-7.563150010350364605e-01
-3.825413275137468094e-02
3.417867042631786978e-01
-4.009622150720008049e-01
-1.422175600261518791e-01
-7.710411696341334942e-01
9.281118199516980027e-01
7.811288444095854100e-01
-7.304565456924771993e-01
-9.084193306331963536e-01
4.590909312020986510e-01
-1.538007109039239151e-01
2.428664206778847479e-01
-6.642334012592007175e-01
-1.672480767356917530e-01
8.956029038608728232e-01
7.097126432300219223e-01
-1.487789236811080662e-01
-2.702875952460412345e-01
2.491931140271658740e-01
1.527488750355689151e-01
5.709794198350521821e-01
-1.929731014857432592e-01
3.638660750591343196e-01
-1.293939987447507989e-01
-2.601108168602861426e-01
7.530541254045826083e-01
6.671043650522934243e-01
-6.496618048347998498e-01
5.366755644957679205e-01
-9.990722477267076629e-01
-6.949813582322311722e-01
5.505900107696923840e-01
4.834490764631788062e-01
7.513007543077486750e-01
-3.075997410676013788e-02
-7.278567553112583188e-02
7.244943222084494483e-01
6.523798428136378114e-01
4.721995938520384128e-01
9.826513638136981088e-01
8.438180063936751019e-02
-9.828645435982082956e-01
-2.580655716372683844e-02
9.274743618873126927e-01
2.299983537693581770e-01
-4.755738872744408319e-01
4.048101509341045512e-01
1.165761660277354061e-01
-9.424528368559577096e-01
5.705661977161515797e-01
5.356402837385608739e-01
-4.516459782495885200e-02
2.451279306561042759e-01
4.341988816398600903e-02
-1.927032815448037617e-04
-2.591164845002194572e-01
-2.642277034375804523e-01
4.403303244052264587e-01
-9.106363720087669034e-01
-1.129811802622243122e-01
-1.179306019041677089e-01
9.799953792917514006e-01
9.990406817891309688e-01
9.899793973432101379e-02
-9.829389941309263357e-01
-1.245209002768900008e-01
4.136320045649652388e-01
-9.833925996502278499e-01
-8.438912120434245712e-02
-5.374524527592233758e-01
6.752050066127559536e-01
2.449876873530292820e-01
-7.432052428800481891e-01
-7.954326091423756795e-01
-6.926009570832527551e-01
-9.005580121584692010e-01
-3.870058949632736445e-01
5.701934340516782163e-01
7.948992050983205715e-01
-6.232364157253778014e-01
9.894252915454557762e-01
-6.321965128691352520e-01
1.372562212910378721e-01
7.724521703350187840e-01
-5.236383721040638317e-01
7.195991240752498408e-01
-5.890487701301587720e-01
4.179545522695107262e-01
7.320216753843676871e-01
4.169584295939962049e-01
4.835654932402373429e-01
9.818186387490710487e-01
-6.092543267460908130e-01
-9.221380802027306922e-01
-2.628476943364349006e-01
-1.517570822176275425e-01
6.805086747032090821e-01
4.520234524718672042e-01
-7.345223746190467917e-01
5.144485612706659605e-01
-9.869406654285185487e-01
4.151163686394097052e-01
5.066058731475195920e-01
-4.440637974204576510e-01
2.566364906893621178e-01
-7.523798438585254100e-01
-9.175977371002128624e-01
8.780607145361739585e-01
-1.952686598581335753e-01
8.024570975684151009e-01
-4.409994115792404412e-01
-6.009194771094441556e-01
9.453877177522265196e-01
-7.264145075948595931e-01
4.809650076037494948e-01
3.494156834646515719e-01
1.063561519120196919e-01
9.853464423936325600e-02
6.393141924838099399e-01
-6.533324037479641966e-01
-1.370933835937696577e-01
-1.445807321786838073e-01
-9.856284480231615186e-01
2.845276948219958024e-01
-3.246217197671600885e-01
-2.161635536124677515e-01
9.659099069960092043e-01
-9.811074175230976024e-01
5.422824810670914819e-02
-3.763010123266101736e-01
-8.631684794624545631e-01
3.726441860578649790e-01
-3.669324758578464962e-01
2.779619621823322673e-01
-3.991041215571133893e-01
4.495688445039029979e-01
4.668166004351976817e-01
3.688958697919195728e-01
-8.020746438821855229e-01
3.147807693742614710e-01
-8.517066751460287133e-01
-9.834001811971042617e-01
3.695243713163491872e-01
8.955404575868874950e-01
4.329957460286577575e-01
-7.069346988449801694e-01
-9.300635467943025869e-01
6.458593853093673731e-01
5.233939801248643775e-02
-1.534984634065219289e-01
4.161723658245781721e-01
5.344487819694656583e-01
-3.274447787327349202e-01
-4.043788693585090854e-01
-2.035934547666626293e-02
-7.946020507221795981e-01
-4.562463226472420752e-01
-6.384912043599142439e-01
2.905027091725579935e-01
3.682748221006198475e-01
1.911478200798400751e-01
-4.788645260216961574e-02
1.836467269473778807e-01
7.747518985259022051e-01
1.045617772982144755e-01
2.925456792331441735e-01
5.039960060496340155e-02
5.841642698347593310e-01
-3.993559672230285185e-01
8.129287608342214977e-01
6.187829725101867684e-01
-2.940511841535056181e-01
4.573467782578416463e-01
8.501929412326391100e-01
-1.465518282289519914e-01
-6.725370096305641754e-01
8.106050074318722487e-01
-8.582832170411276440e-01
-9.257856479237793756e-01
-9.353783451363953949e-01
1.165779511056608264e-01
-4.756592729419453769e-01
3.236107907376348791e-01
1.814494520588887938e-01
-3.224961052691309726e-01
-6.504518318581433700e-01
5.418273703864049384e-01
-8.287180382665755296e-01
8.473373436012565652e-02
2.747860756481970146e-01
7.245421741020436901e-01
-5.643602173033323011e-01
-7.419971968689550446e-01
-9.485394074467929926e-01
3.543090254898845215e-01
5.890923659991367245e-01
