3.603802045769177731e-02
-1.048929996659520025e-01
-6.716266454249915085e-01
-1.744971584908373563e-01
6.897303787090636185e-02
4.431146824985835453e-01
2.678334608011058715e-01
-8.909605550590351530e-01
-2.418622150717801844e-01
-7.824507052926575890e-01
-4.460127111266459776e-01
9.833232967423120030e-01
-3.426929200142201926e-01
5.703153531060476400e-01
5.592609069642782149e-01
-3.597286706256860311e-01
5.377272357934131941e-02
-9.991852427024928707e-01
-8.217962612635338893e-01
-2.586073468137672915e-02
-8.617788479746104624e-01
3.726283030129768914e-01
8.617786825430272524e-01
4.801788536219840364e-01
-6.353825836494908508e-01
8.653494304127247183e-01
2.533534321029180802e-02
-8.943873642538177071e-01
-2.375304828885927422e-01
-6.854009672634844286e-01
4.513848022441444008e-01
1.303643737010921622e-01
-8.366978061100883712e-01
-3.364443033105414260e-01
-6.735849978978616370e-01
-3.008976990975738008e-01
-4.679145453003955013e-01
-8.069594172169780588e-01
-4.032276897746834843e-01
-3.973707344184856938e-01
-9.363856624238220405e-02
4.831946385213932160e-01
5.334222382984730171e-01
1.367629508982307340e-01
-3.734562289651101041e-01
1.565595530411489911e-01
1.796820093003119179e-01
5.301799479006777949e-01
4.650676361393462632e-01
-9.856269877696121062e-01
-3.084825144344056080e-01
9.941324368402353340e-01
-1.671671971870348772e-01
5.742472917584678926e-01
-8.073230272508550298e-01
2.555602855177512289e-01
5.710339066403316011e-01
-6.017997392398373169e-01
2.194917131295807122e-01
2.002472790152433901e-01
-5.889325238352918768e-02
9.611633918504676188e-01
-8.283615208820443998e-01
9.292113913357901156e-01
8.074499194452663398e-01
9.282979147849645951e-03
-9.998702526067499985e-01
-1.939997320530916225e-01
-5.297203243273118645e-02
1.390704293412443060e-01
-6.967743809032980185e-01
3.198957207218882104e-01
-2.543727369788029713e-01
9.310137412448101779e-01
6.311115982253874268e-01
9.249357875799524287e-01
2.051291762011798192e-01
2.736494055380094825e-01
-9.788083750660565574e-01
-2.384898717391094602e-01
-3.868435405890160439e-01
-6.898505990712975322e-01
-4.205323484272487367e-01
3.039755796147098899e-01
-4.485660726735859472e-01
4.053275001394529564e-01
2.786172164154181452e-01
9.226101764287086837e-02
5.617653797995552090e-01
-8.651685880223876079e-01
-9.456352188681546034e-01
9.501993418594176788e-01
-8.978054091620370214e-02
9.446436066488689276e-01
-4.819952282627004703e-02
9.291669800441518801e-01
-9.671245909770904703e-01
9.463984506404192754e-01
1.756076706121793563e-01
-2.762758367419998473e-01
-5.301104208203395729e-02
9.099677366901235409e-01
-8.332999867408725780e-01
-6.863120667774265105e-01
3.859570192028296542e-01
-1.065021057437789548e-01
-7.843855327801069199e-01
4.247609442095942045e-01
-1.845826328864260679e-01
-3.595026678288565924e-01
-2.597565064700813053e-01
5.420988092600427244e-01
-9.984955255250478334e-01
9.757726678849708568e-01
-3.937085474026319476e-01
-6.104817010326315518e-01
4.197902956085306503e-01
3.319282508116785380e-01
-7.125349528816671274e-01
-6.085005727892187632e-01
-9.705887101033736641e-01
1.450717331523747877e-01
-1.442774465344255075e-01
-1.757899714465127605e-01
2.185389589568841884e-01
5.019371873715339216e-01
-6.647447887260590216e-01
6.000210047448460704e-02
3.810193769362100191e-01
8.038682558185799021e-01
-2.184998454248431032e-01
8.383248540229298884e-02
5.398715341212398933e-01
-1.269546688749334518e-01
4.545123170296017090e-01
5.309237780374089777e-01
-8.611659531153684766e-01
2.807384697428062514e-01
4.415390205600333018e-01
2.009296418622907032e-01
-3.146700402278113096e-02
9.847987073560172666e-01
6.913760726363527009e-02
-9.076721672685638120e-01
1.973270491060169218e-01
-2.280590536326983497e-01
-1.059637931947962214e-01
5.013910492003248454e-01
-6.112415428800287431e-01
6.304495667417923110e-01
-7.043133925547426788e-01
8.504135631725617817e-01
-6.444585842596004532e-01
-4.446095776752208573e-01
-4.636725823766821297e-02
-1.012352001257730283e-01
-9.161321677539397967e-01
-4.264718260711955478e-01
3.712340942702719859e-01
-3.671543003102022418e-01
-4.063448207720286587e-01
2.485147845963048274e-01
-9.328355052909941270e-01
2.967363774106674956e-01
7.388456913514205304e-01
-9.485405472822684425e-01
9.705277423891518762e-02
9.396039913484232065e-01
-1.191410360090322251e-01
1.424748452959652134e-01
4.309637123211177423e-01
-2.279762553496102184e-02
-1.645876166951797392e-01
-2.921416794374018799e-01
-2.595666067863314774e-01
4.968366342111357747e-02
4.750088191332437204e-01
9.820020927447568049e-01
-4.747260579687878623e-02
2.477522128224042275e-01
-5.050554705908339992e-01
-9.680572513045834215e-01
-7.251694383515970843e-01
7.219127892830980997e-01
-3.830608347774243638e-01
2.591688465751296189e-02
6.898714410197265279e-01
-3.117093962391848105e-03
-6.532206503655721974e-01
-1.522562512997329698e-01
1.314721151089070783e-01
3.746715400512551919e-01
4.253499046453865784e-01
-6.807496986375607406e-01
-7.467847275221904946e-01
2.265765540184312976e-01
8.703767967312701082e-01
1.635220725173411882e-01
6.521928399403992271e-01
-4.607724540460893525e-01
7.761454113737853433e-03
-8.269148242600186105e-01
5.771160033583191407e-01
-9.060619978263179108e-01
3.389660294950334052e-01
8.120163423894541932e-01
-7.265212293650685771e-01
-3.275495499378967557e-01
-1.599541831599529673e-01
-5.342920222301711375e-01
7.648386516666785262e-01
4.490655731061887757e-01
8.419367637114414382e-01
-8.341712199765030644e-02
7.429192371629869118e-01
-6.478943269380532666e-01
1.880344449397302886e-01
-9.738342431591484605e-02
-2.633520915975874344e-01
-7.754340239017540881e-01
3.654283940962326227e-01
7.422728065874747427e-01
2.337042768693933792e-01
7.441511704058666465e-01
7.819960049342287167e-01
-5.731040556995954383e-01
5.010127118351298536e-01
3.652052464662501885e-01
2.249752389134653252e-01
1.218609233733975450e-01
-8.343748848950255370e-01
5.762706549275203871e-01
-3.714444114681380582e-01
-1.045198991529837640e-01
-3.478053201845721087e-01
4.167294357960258377e-01
5.737566241284579593e-01
2.756025422738211383e-01
6.619125976524991017e-01
3.127355329411222185e-01
-8.678393882919338553e-01
7.414803836373682344e-01
-3.513749401981434983e-02
9.997061290413165047e-01
3.181876880094088866e-01
8.467822787943577456e-01
-2.519943199607254103e-01
-5.510748242314686962e-01
-5.791955097717347289e-01
9.819731213503807288e-02
-9.763877597897138161e-01
8.675859734686252045e-01
-4.293515547678829480e-01
-5.828634066628020083e-01
-9.278393292588645869e-01
-1.062516674636695413e-01
-2.156300573365520223e-01
-2.959356257971059168e-01
3.214007007386291415e-01
6.751307725053163900e-01
6.532858682518436488e-01
-3.883441039400276074e-02
-2.395178697016689118e-01
-7.465246184130975848e-01
1.754374299215198940e-01
