4.483643288980587727e-02
-7.992911154851536359e-01
-6.552709445697986190e-01
3.968860875022801049e-01
4.144275861995694310e-02
-6.897282600341392289e-02
-4.383111262592871982e-01
-1.000000000000000000e+00
-9.104040048316873746e-01
-9.559091949503595309e-02
-3.961193428129239358e-02
1.036243395163851666e-01
7.898596756839360022e-01
1.308734948969533241e-01
-1.000000000000000000e+00
-5.897350912734808936e-01
-1.408760824826200686e-01
-6.073684128321876763e-02
-3.690705683424088113e-01
-4.174401338668026762e-01
-5.591601682932547668e-01
-6.935709665114779821e-01
-9.471578634488502235e-01
-5.266847318961809243e-02
-9.808797107221797207e-01
-8.781610430865502970e-01
-5.876165684994429927e-01
-8.489278567333986558e-01
-1.000000000000000000e+00
-1.000000000000000000e+00
-8.329391843097357917e-01
-4.918328401666327565e-02
7.269869600458699344e-01
4.878181615412744421e-01
-2.104982003164541648e-01
-1.989785590962032114e-01
4.943256709580494124e-01
8.012206321707564527e-01
-3.117119786597227216e-01
-1.167171401124991181e-01
-3.883229747923018504e-02
1.025667203423192841e-01
-1.000000000000000000e+00
-6.632451488425968877e-01
6.802072077973764230e-01
4.884665340135357914e-01
-6.984354994868717803e-01
7.180511617872950003e-01
6.445518203054889650e-01
1.087246343277875268e-02
-4.606224643530674179e-01
-1.000000000000000000e+00
7.844774748426872613e-01
-8.223925804026093189e-01
6.702606482277779776e-01
-6.974929597931736058e-01
-6.870123381820285591e-01
7.483130373316082551e-01
-2.924352125192700713e-01
1.000000000000000000e+00
-1.858791222264480347e-02
4.928445332801913992e-01
-5.733307055897546300e-02
5.212875777929638632e-01
-2.772205175299815583e-01
2.470969223651795499e-01
1.261728483263085676e-01
-7.116812018144711427e-01
7.611079705286938335e-02
-9.639552778470712457e-01
-7.210887376428276596e-02
-8.084967248998202738e-01
1.697556804338715697e-01
7.746788916270259673e-01
-3.665088037318973146e-01
-6.479578034023933952e-01
-5.815594546482971694e-01
7.572107546623163543e-01
1.957129249740274801e-02
6.453722962519283790e-01
-1.160786820406183306e-01
4.110475855144759549e-01
1.942074973009657590e-01
-5.540214643867882316e-01
3.154079655449359976e-01
-7.856688927609707385e-01
5.515569777323432454e-01
-1.358926377144239472e-01
-1.000000000000000000e+00
6.842053829017678002e-01
9.473690993646732839e-01
4.129344895539061033e-02
8.543606884425936077e-01
2.875068098024176066e-01
-5.767937184558344921e-01
3.575784678364763991e-01
3.338277024110605229e-01
5.708682218638041483e-01
-3.352390092055871351e-01
-7.134088908914688609e-01
8.556042218488955076e-01
-6.933504738924554101e-01
9.575540391259205197e-01
5.266083072836669210e-01
-6.275391909972409810e-01
-6.187904423573977741e-01
-1.399314194375340659e-01
-2.646327908458590006e-01
-1.528455200122995628e-01
3.365331308098595819e-02
-1.000000000000000000e+00
6.229953556423969974e-02
-2.436058520686885664e-01
-7.600039587137406016e-01
-7.341516449411829015e-01
5.383769013859076580e-01
3.231927726267593837e-01
-3.739901233511617740e-01
8.936454920354135467e-01
9.526024107972921318e-01
-1.632245812208170666e-01
-7.311144216207876578e-01
9.018245204710120255e-01
9.566923716602560024e-02
3.219340153744154609e-02
-1.000000000000000000e+00
5.951470945177483873e-02
9.415659075870279615e-01
-1.116569514386287487e-01
-5.595444996083285272e-01
1.208708009138663997e-01
6.394780593650249700e-02
-3.082476848791526614e-01
9.487516403076501348e-02
2.739727997018448491e-01
8.751494156232244581e-01
2.630862875362071085e-01
9.299106890159984928e-01
4.970967544096664970e-01
-6.092861229987751592e-01
9.395453479517461570e-01
-6.161444218844811527e-01
-2.867948953794101086e-01
-5.420561735404870740e-01
-3.769808967813006451e-01
-1.931756488521516602e-01
-5.817991924887542243e-01
-2.946712438622106078e-01
-8.381898241497187652e-01
-1.593218571080836643e-01
-5.876879462768356266e-01
-1.985587576794594078e-01
8.168838880222728527e-01
8.333743203633654506e-01
4.033287264987490683e-01
-2.007615338774757507e-01
-1.000000000000000000e+00
7.418839503190644002e-01
4.751507116139358500e-01
-8.193486149886370917e-01
-9.700587455173494966e-01
-6.147810798215374017e-01
-9.725407285255616152e-02
-6.381502732684189994e-01
-1.000000000000000000e+00
1.000000000000000000e+00
1.000000000000000000e+00
-2.763305880317706853e-01
-1.140894425189906691e-01
-9.880467838575079931e-02
6.423070547613318748e-01
1.033008316181049935e-01
4.434264533392592855e-02
2.949096203168477537e-01
-4.181101629965009447e-01
9.475554372155787775e-01
-4.854407163097673727e-01
2.602146065270993791e-01
7.383109851666547208e-01
-3.799495065049427467e-01
2.435202188320009231e-01
1.000000000000000000e+00
-8.705367823305167896e-01
-8.653549223544090285e-01
-9.926157918557207971e-01
5.769710883449541416e-01
-6.347786023095314256e-02
2.529478267542240033e-03
-4.764003888245068596e-01
-1.777023949065140163e-01
1.000000000000000000e+00
2.096031106786138132e-01
9.763060025704120015e-01
-6.570553538211916234e-01
2.204430068252640762e-01
-6.600393489302138761e-01
-6.113879820315288871e-01
-5.012114584369773418e-01
-6.888040881350401268e-01
7.984725191696018243e-03
-2.984935015052303520e-02
2.788003202714686157e-01
-1.000000000000000000e+00
-7.956105035258598246e-01
-5.809944571503291577e-01
-4.587727028677446306e-01
-6.395565610930197264e-01
3.443047608085414435e-01
-9.537687810716772852e-01
-3.352682947715139306e-01
-1.437580103302886769e-01
-1.054544184471064017e-01
6.913903772457465902e-01
7.064316986826391087e-01
-2.906504961265918285e-02
2.420926393208673866e-01
7.617682869157795800e-01
-3.086863313037808698e-01
2.588598550909020357e-01
6.163785589122783293e-03
2.817266116242376217e-01
8.523225954923940861e-01
-7.989592783787011765e-01
4.257719100134415013e-01
-2.442429971267284783e-01
-4.015906254454070234e-01
3.251326698551673111e-01
1.270905805638671837e-01
8.709706067308580213e-01
2.919065505193336740e-01
7.629745844495077201e-01
9.249340358280306873e-01
-8.197843112189624470e-01
8.683248629790060180e-01
-9.886798996786017035e-01
-4.014661117545026414e-01
6.909650396078803603e-01
-4.027583342552507606e-01
3.217156875865769816e-01
-7.579123672727359207e-01
4.353065498846909742e-01
4.032013569742591841e-01
-4.929038925990443243e-01
6.076869523488417357e-01
5.159157748811846744e-01
1.714354586182030848e-01
2.858652606630782689e-01
-9.107440735806848764e-02
-1.032959383906837392e-01
-1.808753933015585513e-01
-6.552882047171866287e-01
-1.520756249543646632e-01
5.291124982098477370e-02
6.446499775408807142e-01
-1.000000000000000000e+00
-8.268788838107266059e-01
4.610222559759717953e-01
-9.513080927070156623e-01
4.270919930797527631e-01
-7.176947574807588381e-01
7.817385465911199649e-01
5.741597332012018384e-01
1.790235961830448641e-01
-7.558469880533185137e-01
4.606634746981641548e-01
