5.119256795535983562e-01
6.112641432645747885e-01
6.319534446949317541e-01
-2.458554086883102952e-01
4.991610726634139183e-01
-6.392481046335136696e-01
5.140296099425727405e-01
5.685846791748589979e-01
9.956996861244747921e-01
-9.995889979262855274e-01
-5.260865557646536850e-01
-5.597975635418313001e-01
-7.862748300923971811e-01
6.498164353940694138e-01
9.986875909597340284e-01
-1.906955446115965458e-02
1.393729830927492586e-01
-5.137592922600149326e-01
-8.566541449686423393e-01
-6.478335270274013791e-01
8.304637166778623403e-01
8.587202037540083710e-01
5.899759370214696652e-01
2.096693324297633776e-01
1.370876839941796987e-01
5.739581933132633651e-01
3.088340774479207962e-01
-2.344376357458707871e-02
5.448863412012056040e-01
8.163118168636586125e-01
-2.381538729480730809e-01
1.275258453101960621e-01
1.189523528169210975e-01
8.623197496266759021e-01
-7.078336997573861922e-01
-1.961318619845699440e-01
-5.309712163785104688e-02
-9.801929123248260822e-01
-5.051289964863618920e-01
9.852958950777881419e-01
9.981385076991602379e-01
3.149960669541357339e-01
3.978553248145239030e-01
-6.039359853294816727e-01
3.134369500791689411e-02
1.951992205242549516e-01
9.572400960456454166e-01
8.510635994064155163e-01
-1.890835142003212677e-01
-9.187168492175733503e-01
-7.614569727479780781e-01
-3.795873568019663691e-01
-9.132860321112930002e-01
9.406388140636039452e-01
-3.258281923694966720e-01
2.224411836846633128e-01
-2.560208974068540755e-01
-4.912306500485902339e-01
8.303912476077557336e-01
-1.972898166253430063e-01
3.387570143178530446e-01
2.937455002507907142e-01
5.711116561629456800e-01
9.752098033483748152e-01
5.805746165543118620e-01
-2.754142474054155354e-01
-8.685107790801321892e-01
-8.268422659836316413e-01
7.744982283288640024e-02
9.990277630808814813e-01
9.558300525412276594e-01
3.332463227102223646e-01
-9.535330917930974204e-01
2.876470674437622832e-01
7.092660339737548725e-01
-8.456932623557061879e-01
6.954245453027503299e-01
7.898013622038003723e-01
6.716944276572271999e-01
3.369782208042939597e-01
1.582089544523690439e-01
2.868026692876677330e-01
1.507765027306318117e-03
9.326195621211561537e-01
-2.142300816618788462e-01
9.398418157415454610e-01
-7.392722990993523258e-01
4.310136487622975299e-01
9.488895361806151119e-01
6.558000015135042604e-01
7.180371753606038521e-01
-4.476825070055421296e-01
-5.880413230466853269e-01
-1.343170508527820051e-01
-4.186981540471162999e-01
2.600673494827030474e-01
2.488261768516405459e-01
9.568809164961168401e-01
-6.035947025537087285e-01
-1.358675086927820796e-01
7.783098690549008492e-01
-5.504162027125438783e-01
-1.339048008506138199e-01
5.139871789490606524e-01
-2.244778672191514723e-01
8.047088488975728815e-01
9.129535173579861329e-01
-3.507503023026822264e-01
-1.558294286396850470e-01
-2.802012203146858060e-01
1.639547181141808307e-01
-9.102323396118339183e-01
7.633253176151261199e-01
-3.325023471812570408e-01
5.902768642113422892e-01
-9.867136780725239698e-01
-9.522950204205549163e-01
2.001357506664368513e-01
8.548714388884964821e-01
4.227440290573917236e-01
7.162010246968164573e-01
-5.577676961378237319e-01
-5.495277921992288706e-01
4.097485879484736304e-01
6.827573884647140101e-01
7.240816036139531287e-01
-7.552725713403595220e-01
9.449666781735142074e-01
2.459851945090924530e-01
-6.523578378577352677e-01
1.440382507623616526e-01
-6.600314173554127084e-01
-1.168161063571037661e-01
-1.832786122787633531e-01
-6.529479621689566748e-01
-6.158996267423845206e-01
-1.491629275250307696e-01
4.906885739237918931e-01
-8.006171369145720362e-01
6.167616898099890221e-01
4.837923065459758809e-01
1.777661470715057312e-01
2.554242673799518304e-01
-4.076400721768985158e-01
3.837937060710452375e-01
7.675498906430731905e-03
7.828982876626092158e-02
2.906631595495708931e-01
-1.805790571207234463e-01
1.680265391528817931e-02
-8.897556839541849172e-01
6.187389847192457104e-01
6.248824050759754778e-01
7.600058656934596257e-01
-1.424554811669990206e-01
-9.519935800911570878e-01
-1.361487962593997403e-01
-2.303034609015108813e-02
3.825262270417563726e-01
-5.322684228638443482e-01
6.512248437999421657e-01
-8.175038595989394530e-01
-6.211174478393273468e-02
-8.796310964756701156e-02
3.864767526849303136e-01
-6.066220030062436930e-01
-8.941994231994999653e-01
-1.041249840250266789e-01
-3.179220918046095634e-01
-2.608359495523620009e-01
-9.046831495987657235e-01
-4.435366543282326379e-01
7.251972556894594746e-01
-4.340061373449875526e-01
3.602029004403073387e-02
-3.708034198444172258e-01
-4.225322334668216162e-01
-8.368413062951497450e-01
-9.855989710531627424e-01
-2.752434157308988327e-01
7.830530270574591611e-01
5.037131449908369696e-01
4.068360643813296873e-01
9.238530538001588077e-02
-8.738136023089417836e-01
6.968865243610027349e-01
2.093685423107261023e-01
-4.141772816948890990e-01
6.854401350398223736e-01
-5.298594276401948910e-01
5.041829192881417399e-01
3.411928174002528680e-01
-6.719722856262522193e-01
-7.261899710123738139e-01
-9.722191238746074049e-01
-2.255862763091583956e-01
-7.295981418576391597e-01
7.605818261559382787e-01
8.178349996987497317e-01
-8.305323431856874716e-01
4.588949291181675383e-01
-5.126847558476801403e-01
-1.887639055550878187e-01
2.579962620215445757e-01
1.130701201846993631e-01
9.548354547825883554e-01
6.783753329791588627e-01
-3.388355151751690775e-01
-8.932020841955891077e-01
1.435262020704905495e-01
6.017532504836768936e-01
1.569425981453493879e-01
3.236086807011416822e-01
8.305292089375561071e-01
9.240882248610374772e-01
-7.467636524860179481e-01
3.356021519276033427e-01
4.748901156757364128e-01
-9.161732123813974837e-01
1.251943948152812736e-01
7.111426528337863040e-01
9.593303328726687784e-02
6.606537393667516467e-01
-4.299289497278613315e-01
-2.030022908761367761e-01
-5.536916967246154897e-01
-8.362243931244141004e-01
-2.292275379194007034e-01
2.425790451937741010e-01
9.743437429997553467e-01
2.979932024481827813e-01
7.496072562457893884e-01
5.109513161593115527e-01
8.837010028272337392e-01
-6.012855962646850294e-01
2.432785716795662079e-01
5.674787548428004147e-01
-6.326766041600120349e-01
5.029545647325976976e-01
2.696346513273427115e-01
-8.378762377188548882e-01
9.548119312506573308e-01
5.389571139911523978e-02
-6.729415856734640711e-01
5.795628855095711351e-01
1.734724170937277932e-01
5.635018002631329015e-01
5.117818902134601000e-01
5.664335280638563841e-01
-3.425643370054979320e-01
-9.408784124608544630e-01
1.924297296586156281e-01
3.556504930709635248e-01
-1.060854239259038934e-02
-6.721890614354342208e-01
5.953167289718319655e-01
-3.770253816428140725e-01
-2.845569558691968814e-01
-4.528152583348105109e-01
-4.112315638902155901e-01
-2.740293554480925931e-01
-1.263714101664706047e-01
-9.726341745524006432e-01
3.369349731864024200e-01
-1.686634971334923239e-01
