-6.512911086620386536e-01
-1.000000000000000000e+00
1.000000000000000000e+00
-1.000000000000000000e+00
-2.626516856165621583e-01
-1.000000000000000000e+00
-8.963704509862412406e-01
-1.000000000000000000e+00
-4.487682763961257648e-01
1.641502955036426847e-01
-1.741741874104232313e-01
9.998343834098366578e-02
-4.475929917501683120e-01
3.927772721836625403e-01
4.908729112857714849e-01
-1.000000000000000000e+00
2.993437142987482869e-01
-2.952037967410958696e-02
1.858780110792252471e-01
-6.535795506216086626e-01
1.000000000000000000e+00
-5.355150137294932833e-01
-3.021818457917520018e-01
-1.000000000000000000e+00
8.978353115675198337e-01
1.000000000000000000e+00
-6.017945625756403460e-01
-1.000000000000000000e+00
9.647759778732183378e-01
4.661646976171613943e-01
-1.238852702304912845e-01
3.253821661084653760e-01
8.315940400847713354e-01
1.000000000000000000e+00
2.694408391570358718e-01
6.405322177909688053e-01
8.860235158184082138e-01
1.000000000000000000e+00
4.122692767137051684e-01
-1.000000000000000000e+00
1.000000000000000000e+00
-7.031165724660217720e-01
-8.260974342141501614e-01
-1.000000000000000000e+00
-1.000000000000000000e+00
1.000000000000000000e+00
-2.143106056332509946e-01
5.836578376389347511e-01
2.999911547442890569e-02
1.000000000000000000e+00
1.000000000000000000e+00
1.239661597262901038e-01
-4.055622278991000140e-01
-1.000000000000000000e+00
-6.237700771216247997e-01
1.000000000000000000e+00
-9.198503444305313748e-01
8.269373778820715559e-02
1.000000000000000000e+00
-9.209024141033015365e-01
-9.765943145741637910e-01
-1.000000000000000000e+00
-5.451686636209691628e-01
7.317386388039670564e-02
-5.933773525066694532e-01
-1.144748853453338988e-01
7.874091205118664005e-01
-7.304452294825996006e-01
-1.000000000000000000e+00
-7.467202510647623637e-01
-1.000000000000000000e+00
7.098266165418443130e-02
-9.803295962250705431e-01
-7.948066647004246033e-01
-1.000000000000000000e+00
1.000000000000000000e+00
-1.000000000000000000e+00
1.000000000000000000e+00
-1.000000000000000000e+00
1.000000000000000000e+00
1.000000000000000000e+00
1.000000000000000000e+00
-8.204931419108421053e-01
3.742818759500868286e-01
-3.663980203407959935e-01
-1.000000000000000000e+00
-4.530238384720608469e-01
-1.000000000000000000e+00
-1.000000000000000000e+00
6.242072915763809959e-01
-1.000000000000000000e+00
9.016600644034742373e-01
1.922907919185226078e-01
5.175525113555247136e-01
1.000000000000000000e+00
-5.232606298370255926e-01
1.000000000000000000e+00
9.448831584366608194e-01
-6.661471429831287150e-01
7.945115127937392441e-02
-2.041970006490887446e-01
8.391562340951972399e-01
-1.000000000000000000e+00
-1.000000000000000000e+00
1.000000000000000000e+00
-7.971965159006710877e-02
1.000000000000000000e+00
9.383429680148805963e-01
1.000000000000000000e+00
1.975125485538482550e-01
-1.000000000000000000e+00
1.016412883548492019e-01
-1.000000000000000000e+00
1.000000000000000000e+00
-1.000000000000000000e+00
-1.000000000000000000e+00
-8.637947690115246324e-01
2.757826615634793033e-01
-6.079357619041491079e-01
1.000000000000000000e+00
-6.538780626191760259e-01
3.142237783687476527e-01
1.000000000000000000e+00
-1.000000000000000000e+00
1.000000000000000000e+00
-1.000000000000000000e+00
-7.128340180373284873e-01
-9.223957844317322019e-01
1.000000000000000000e+00
1.000000000000000000e+00
-1.000000000000000000e+00
3.102308763473413666e-01
-1.000000000000000000e+00
-6.490333585885776913e-01
5.339189711283385265e-01
-1.240208818586008011e-01
1.000000000000000000e+00
4.332123364575202196e-01
-1.000000000000000000e+00
2.373560916644922025e-02
1.000000000000000000e+00
-9.167159509141984408e-01
-1.000000000000000000e+00
-7.081969160089222060e-01
1.819964404389583512e-01
-3.333343482642933675e-01
8.046092513487050624e-02
1.000000000000000000e+00
-1.000000000000000000e+00
1.000000000000000000e+00
1.000000000000000000e+00
1.000000000000000000e+00
9.975195619591177287e-01
1.327077812197159923e-01
-7.689112818259506987e-01
-1.000000000000000000e+00
1.000000000000000000e+00
-1.000000000000000000e+00
3.823549806077524149e-01
9.464621696719278665e-01
3.979858864062140178e-01
-9.505019789065639602e-01
7.776073721176139930e-01
1.637351620560484333e-01
3.264427373401826427e-02
-1.785672229693158197e-02
7.111713941562379793e-01
1.000000000000000000e+00
-9.011715013622586534e-01
2.300875589328887916e-01
1.000000000000000000e+00
-1.000000000000000000e+00
-1.000000000000000000e+00
-4.994715971879268857e-01
2.142961633389823817e-01
1.000000000000000000e+00
-4.172836746041859168e-01
6.321210171085045459e-01
-2.012331580679862508e-01
-1.000000000000000000e+00
1.520965393016341372e-01
-1.000000000000000000e+00
-2.235650594880739250e-01
-1.000000000000000000e+00
1.000000000000000000e+00
-3.105679955701617367e-01
-6.244557113203608179e-01
-7.936829318719675896e-01
1.000000000000000000e+00
-1.000000000000000000e+00
1.000000000000000000e+00
6.146776267113575054e-01
-2.617822482355198210e-01
4.694272577355493303e-02
-1.000000000000000000e+00
-1.000000000000000000e+00
5.586778460763357490e-01
-6.804754282679918997e-01
1.000000000000000000e+00
-8.204447414754597601e-01
3.847452978071212448e-01
-6.988853945226694009e-01
1.000000000000000000e+00
1.000000000000000000e+00
-4.208415300531443415e-01
1.000000000000000000e+00
-1.000000000000000000e+00
5.130668978691317328e-01
1.000000000000000000e+00
3.969665346829577279e-01
-1.000000000000000000e+00
5.027422195105120117e-01
6.495292811005322076e-01
1.000000000000000000e+00
1.000000000000000000e+00
-1.000000000000000000e+00
2.198838189179629921e-01
-1.000000000000000000e+00
-1.000000000000000000e+00
1.410424243177666459e-01
9.246043696310108917e-01
-5.128753607212811483e-01
8.352734516563402600e-01
7.763260078973690526e-01
-3.432780278283634190e-01
1.000000000000000000e+00
-9.708525804900940415e-01
-5.580132471751315659e-01
1.000000000000000000e+00
1.000000000000000000e+00
-1.000000000000000000e+00
1.000000000000000000e+00
-6.038731747152592533e-01
5.835268781063224219e-01
1.000000000000000000e+00
-3.444037435858878782e-01
-7.672115020229137716e-01
-2.654260317500531929e-01
1.000000000000000000e+00
1.000000000000000000e+00
-1.322392134620798965e-01
-9.497975824646640586e-01
5.716657423867858856e-02
4.702922490387198562e-01
1.000000000000000000e+00
-2.375945217083440530e-01
-1.000000000000000000e+00
-8.119504010914933012e-01
1.000000000000000000e+00
1.000000000000000000e+00
1.000000000000000000e+00
7.031878642489131082e-01
1.000000000000000000e+00
7.885136892368609374e-01
9.380241362267469629e-01
1.000000000000000000e+00
-9.654997604884333340e-01
8.915641697011517097e-01
1.000000000000000000e+00
-3.955594896282005335e-01
1.993753222024419736e-01
5.654424188450972721e-01
9.459404235926590632e-01
9.741899807329801320e-01
-8.963014235989563705e-01
