-3.326830428335507683e-01
7.481333453617530216e-01
-9.662182628924100847e-01
1.613407244257574202e-01
-5.608265931828897433e-01
-2.915158305687901574e-01
-4.425141978440676471e-01
5.072954743716342474e-01
3.585255632539980919e-01
1.173584049112460503e-01
3.851987213549400435e-01
-6.114829861053714399e-01
2.466614358470773927e-01
-5.660239983119619289e-01
-2.945956224660846168e-01
6.752934125277175736e-01
3.092998716799121861e-01
-4.017931517348518611e-01
-7.813938005995658687e-01
-7.146373562196397522e-01
1.000000000000000000e+00
7.415128140849180927e-01
-8.212548218151964896e-01
-5.382827712432717293e-01
1.000000000000000000e+00
-7.608347813675463422e-01
7.664497251118130849e-01
1.740611622363504307e-01
-1.643741693187870667e-01
1.000000000000000000e+00
7.234131256374622954e-01
1.000000000000000000e+00
6.009532267959833557e-02
2.323400632571715196e-01
8.907168554614031120e-01
-9.974945480904577888e-01
-2.292959848200970541e-01
-1.000000000000000000e+00
6.497707627571174260e-01
-5.743437145886498563e-01
7.053604263239432459e-01
-1.000000000000000000e+00
-4.085924465132030337e-01
-2.663322620298839150e-01
-2.107665733355035820e-01
1.000000000000000000e+00
1.463303806385107819e-02
-9.149084382842423424e-02
-6.191107362476250264e-01
3.677301372563585025e-01
8.323927731111069317e-01
2.316676472514491714e-01
-1.623425844943726659e-02
-1.000000000000000000e+00
8.046205557923173934e-01
-6.972650503518056375e-01
-1.000000000000000000e+00
-1.616597634091015978e-01
1.000000000000000000e+00
9.866387121527866455e-01
1.000000000000000000e+00
-3.671664448799666358e-02
-7.525537221317036840e-01
-2.868926109141562986e-01
3.809352896051202975e-01
-4.132003956780599951e-01
-1.216911876700125031e-02
-1.000000000000000000e+00
8.299369441476243114e-01
-1.000000000000000000e+00
-7.290075753047801088e-01
-1.602121641820641318e-01
-3.483823483070538352e-01
-5.873825053760624026e-01
9.388174294562318112e-01
-7.680204975756899088e-01
-2.416088778411634164e-01
-1.884487070889002136e-01
9.855428576198036472e-01
-1.000000000000000000e+00
1.706047934910789321e-01
-7.662106602093572416e-01
-7.220510974243856683e-01
1.018731778406647970e-02
1.778534076547992893e-01
1.220940101011805945e-01
6.515199947077908726e-01
6.260932174425328789e-01
-9.485620725981422918e-01
2.744740555056868203e-02
-8.245149206067621250e-01
-1.000000000000000000e+00
5.100174059361411993e-02
3.921377739410465413e-01
7.062580593847085364e-01
-6.307863429036681957e-01
-7.583654277997747828e-02
-1.000000000000000000e+00
-3.658585097795009067e-01
8.885774260708301231e-01
2.818132878902971927e-01
-2.333826142818525851e-01
3.853223225224431392e-01
1.000000000000000000e+00
8.427433380465458868e-01
3.675035074604966479e-01
1.000000000000000000e+00
1.000000000000000000e+00
1.183417968440081958e-01
4.355467552088107541e-01
9.986459877626969739e-01
6.055289879929759422e-01
-8.090022919500462484e-01
3.525107416755315359e-01
8.007548098136806347e-01
-4.520769208336005707e-01
-5.084344861385937664e-01
1.878482121585473563e-01
-1.000000000000000000e+00
-7.353555072917140611e-01
-5.910480414024898987e-01
-9.203337758744991604e-01
-4.278871889998048794e-01
3.502049748878269808e-01
4.057083734545549603e-01
1.000000000000000000e+00
8.779106723938727708e-01
-8.175211647442655050e-01
-3.536299295135954535e-01
-1.000000000000000000e+00
5.448323613703422996e-01
-4.841713981992574189e-01
-7.612272253819547529e-01
-6.112335741881416151e-01
6.555629831151474907e-01
4.129880432479219876e-01
1.000000000000000000e+00
-4.303877380577423306e-01
8.560132920722495209e-01
7.029681899972616277e-01
-6.116109771135171957e-01
1.000000000000000000e+00
2.602966990476927034e-01
6.220649239101512240e-01
7.366455579958017807e-01
9.182556932325477428e-01
-9.926170939780843971e-01
-2.178053693459179319e-01
-4.344832004767861244e-01
1.000000000000000000e+00
1.000000000000000000e+00
3.390099212980752785e-01
1.000000000000000000e+00
6.919458569081138322e-01
1.596593911423450224e-02
-7.156384935305173389e-01
6.910650683795713789e-01
1.000000000000000000e+00
-7.819697322739272982e-01
-6.883602901468531821e-01
8.041135109226524857e-01
2.585847687029163566e-01
1.000000000000000000e+00
7.491032297427999698e-01
-1.000000000000000000e+00
8.919866939174081466e-01
-5.343949673634869058e-01
-7.566821770475602449e-01
7.638394586575480982e-01
-1.000000000000000000e+00
-1.000000000000000000e+00
-7.046246228420550706e-01
-5.592738939651565877e-01
6.964915860848077678e-01
-5.006336712546913814e-01
-1.000000000000000000e+00
-6.390035090785657346e-01
-1.000000000000000000e+00
2.032132395816206027e-01
-7.656510624508805485e-01
-7.728213616330605051e-02
9.392419583269794314e-01
3.303833340345396774e-01
-8.359382808070066062e-01
-5.760506882861566869e-01
-5.078102593003932519e-01
7.431946917003713349e-01
4.999992061759205297e-01
4.911942579803643683e-01
-5.661556537216295704e-01
6.450306916596419970e-01
-7.355668061710173289e-01
-4.380467876765345991e-01
-1.058590048902878777e-01
4.089026062252039684e-01
7.061335902051063540e-02
-6.864183494366178362e-01
1.707514159943307464e-01
5.968255323165042592e-01
9.561235811370333293e-02
-4.481440261566592698e-01
-6.635009232430688630e-01
7.231377767347484387e-01
2.058782061365334315e-01
2.396986905987936733e-01
2.008460170690448965e-01
-3.296519461677278051e-01
7.981643893093315345e-01
-3.110131527048922706e-01
9.742962608971761362e-02
-1.000000000000000000e+00
-2.517196547912725624e-02
-4.790848605494333889e-01
-1.281864793519460477e-01
-7.329652945389972807e-01
6.758138251731403423e-02
-3.527232085340996637e-01
6.382653060144223289e-01
1.000000000000000000e+00
-1.344106875015332325e-01
1.000000000000000000e+00
1.000000000000000000e+00
-1.528648302358458499e-01
-6.618191823146623021e-01
-2.036967936200581308e-01
-4.188724055659400758e-01
-8.789916060633812256e-01
-4.972483672741074834e-01
6.529934723073477221e-01
5.407793323276961495e-01
-2.233957596455695416e-01
-8.034977639944361760e-01
7.778447337013791874e-01
-3.634739950417253951e-01
4.155357455231675767e-01
-7.773256262134268235e-01
4.410967788527949685e-01
4.570950752560973829e-01
-4.676705998890907101e-01
-1.000000000000000000e+00
-6.528134175328654809e-01
-5.008230860100555404e-01
5.650007166994313046e-01
3.008113537625269895e-01
-5.127231176848157101e-01
1.585381604716553650e-01
-1.136899981912045110e-01
-7.827988650065396126e-01
9.498552221170175613e-01
-5.633856307917846085e-01
-1.254994279885512376e-01
-1.362179196340282950e-01
-2.147983706467487819e-01
1.932650207081764160e-01
-6.836489706044288628e-01
-8.169612795071765632e-01
2.895247564837903909e-01
-4.912483231214026524e-02
2.372192845503464653e-01
9.006665316798561083e-01
4.933964161709754048e-01
-3.307176007052693434e-01
3.824510365761044639e-01
-9.648518692684579512e-02
1.000000000000000000e+00
