-9.938926757365487141e-01
-2.958435844652908542e-01
5.184126569300689935e-01
-5.313298461827746788e-01
-2.750512486695779746e-01
-2.495882832711440735e-02
8.786221597761554314e-01
-9.884554995404275513e-01
4.027382193566249047e-01
-3.057151346363705668e-01
-8.178400805671715013e-01
4.020818711953406677e-01
-2.796119511087272191e-01
4.749534980599594558e-01
2.571949050296464812e-01
1.805349960714655033e-01
-9.789124233516808271e-01
4.111443781670431896e-01
-9.548130899461934051e-01
-9.723648906586476182e-01
1.097829858581343965e-01
-9.267032023645240812e-01
3.734835685806969785e-02
1.488688674162261805e-01
-9.916184489650224920e-01
-9.287211875201017985e-01
-3.814533428121804071e-01
-8.294224960710714356e-01
-1.301455343713321666e-01
-7.327633827970897462e-01
9.457678472315256268e-01
-7.398973748789028360e-01
-2.765837550750276375e-01
-1.344753705292249801e-01
3.861289776604706625e-01
-9.723154255262285162e-01
7.867620849653127468e-01
9.569151629034488016e-01
8.796909436551016981e-01
-5.878990790696767554e-01
6.108453963331132996e-01
3.402815957326041363e-01
7.951558527523625575e-01
2.958452068275347902e-01
-4.557064520387383855e-01
-9.466152627013455501e-01
7.399671015922348882e-01
7.125292559607974141e-01
4.096220002460815302e-02
-7.898967997998564972e-01
-3.835630837411247995e-01
6.545865618565923638e-01
2.472374719370439844e-01
-4.543644330838660927e-01
6.805627620021612589e-01
9.794266296825875351e-01
-6.870823019849241486e-01
-7.442076680539091438e-01
6.395433215690138340e-02
3.859811541338868945e-01
-7.468363405483064987e-01
-9.610030698118198211e-01
-9.558082280150135279e-01
1.100088768051989407e-01
6.975308391575334444e-01
-7.289585088636302279e-01
2.225731744370182952e-01
-2.861799555920193638e-01
9.930774756458814467e-01
-1.682049787845523725e-01
-3.575842328394105429e-01
-9.965842796490459454e-01
-7.540665890944373562e-01
-4.414304523189587215e-01
1.819555731278343913e-03
-7.116484949041730346e-01
6.113942059137529306e-01
-9.748391165094654198e-01
5.383248498978696617e-01
3.840901565635510551e-01
-9.627151493184138431e-01
1.602139900664367733e-01
-4.427001372794261425e-01
6.876976001313059861e-01
8.429029667050816910e-01
8.960999356095846746e-01
5.865216993687956126e-01
2.588315679916438627e-01
-9.386330130680673456e-01
5.015447140356468214e-01
4.679709536310204809e-01
-6.272759330328132599e-01
-6.907121957442188265e-01
4.434242817994582531e-02
-1.498436808479149396e-01
3.237869842301959178e-01
-5.536610616729029655e-01
9.718295438167390277e-01
3.718050188225577313e-01
5.473608508986786969e-01
2.131920219500016422e-01
6.277519246024321209e-01
1.358040838467422518e-02
-3.797935175366764504e-01
8.640953497833558927e-01
-8.971585079764199389e-01
7.504698464489797938e-02
-6.139352748434773188e-03
-6.614290324098452967e-01
1.684502350566385864e-01
8.201105185426931232e-01
1.176829057146311364e-02
-9.832490695943874037e-01
-7.449605248826194348e-01
-6.657199003563600836e-01
1.742485914123649282e-01
6.905881645334618346e-01
6.896911270128733840e-01
3.680890500323779069e-01
-2.767806488630106809e-01
-6.267768461607357011e-01
3.804256917318360465e-01
9.479067963910263739e-01
-9.835355979209967625e-01
-5.816511991156148031e-01
-5.860624373961862421e-01
-5.353485887290452272e-01
-7.380792594058256384e-01
3.677714576280740055e-01
-2.641063420361296488e-01
-3.141031710364194929e-01
-4.956188516857213955e-01
4.806160388362012981e-01
-3.493295811822589858e-01
-7.458379328554296528e-01
4.527754691792353903e-01
1.924474846831385477e-01
1.752007646329962753e-01
-4.843995179089413128e-01
4.308020513120573436e-01
-1.600729759964703014e-01
5.466053027151984711e-01
9.575161018460189855e-01
6.970033780346658325e-01
-9.991816406672688888e-01
-3.401123101032393903e-01
7.847568954470951486e-01
-9.768181073249107005e-01
2.864922115108765599e-01
8.613478691106825069e-01
-7.858453728344892975e-01
-6.050257748136165237e-01
8.928730788682670561e-01
-6.875685967657069186e-01
-1.885482908449976902e-01
-3.663291270041368897e-02
-2.978116233047786165e-01
2.439078755920493224e-01
9.767961332653800621e-01
2.723174859478804111e-01
2.199208560466157092e-01
-9.661064681751956318e-01
-7.894674153102765324e-01
-9.998797479692569379e-01
2.252725332426661065e-02
-9.247817828490991765e-01
7.811197079647729247e-01
-3.230856783559855616e-01
-3.775463323380472414e-01
-7.809596411264924098e-01
-1.903332145804275122e-01
6.187307867982774212e-01
-9.477173984066021850e-01
9.992959331988318095e-01
7.934374940105437535e-01
7.253154336338083485e-01
-9.490201342366777482e-02
-9.086247991342073504e-01
1.252957461319377797e-01
3.450390096358191272e-01
-5.658772176773316787e-01
7.187298533576670367e-01
1.051759882082192732e-02
-8.353563114505573317e-01
4.204473053499635515e-01
-6.823531247312579762e-01
8.286755795026009563e-01
9.598953176967213174e-01
-1.762613883116004310e-01
2.073937506835947797e-01
-3.541660805861653882e-01
-1.155965412019795413e-01
-3.592924699625084095e-01
7.813502689264790746e-01
-6.890451595759030656e-01
7.966638925113149750e-01
-9.368504141019822207e-01
-6.428828648389981471e-01
2.337792980347264127e-01
-5.592103837574695646e-01
-1.117282789389628661e-02
-4.484782381473412793e-01
-4.895736779448223164e-01
4.840585195445893385e-01
3.623631064237891053e-01
-2.306053950603066394e-01
-5.667023850317676192e-02
-4.631738010056597465e-01
1.013019520157867059e-01
-3.637062839159344030e-02
9.898068012364191759e-02
6.200802189813732213e-01
4.185185945928893148e-02
3.337034369317271043e-01
-9.245891295459131021e-01
7.795202366615496814e-01
-1.372548901884631523e-01
-4.701362268548022194e-01
-8.577368483774319152e-01
6.047393251402568559e-01
-8.819133074748746193e-01
-7.281834227613518395e-01
1.895272407164045880e-01
-9.838857913446816816e-01
-5.708498848977787699e-01
-5.346799650757909639e-01
1.712156234402823496e-01
6.869547040911754276e-01
8.739800263897856691e-01
-8.710837793679118146e-01
5.856381571430870903e-01
9.640349708818883867e-01
6.311404791060173380e-01
1.594042440030916108e-01
-7.995888857784576587e-01
2.131535607073056227e-01
-3.072996459174330841e-01
-9.187081993804115942e-01
1.886905490821049192e-01
-1.891516047207475182e-01
-8.222829395087623006e-01
1.302639126082311138e-01
2.575372897918591919e-01
3.746014424414272903e-01
-5.363264127691835803e-03
-1.355427950681314386e-01
-1.117492533303419133e-01
2.824480776036106811e-01
6.842676098825492548e-02
-6.434958377722350686e-01
2.877304943413619975e-01
-2.001450095047530853e-01
-4.563231466855629526e-01
-9.132886857371431688e-01
2.789260196672677661e-01
-8.160316111945569162e-01
-6.652127798923261892e-01
-3.815088357452960377e-01
3.090934263714592012e-01
1.882717323301480450e-01
-5.791717152606477015e-01
-2.313441722629250297e-01
8.890593295699615872e-01
5.570753908695731393e-01
-5.647662600064059513e-01
