4.314172904599784530e-01
7.697243337048596812e-03
6.616716707404600717e-01
-7.243715300860427142e-01
5.180603995541108731e-01
7.253424674712117826e-01
-1.232101895567626615e-01
9.762140469166851187e-01
-9.374095831141406876e-01
-1.000000000000000000e+00
4.320773474216976773e-02
3.725568301695174611e-01
2.211685064737801132e-01
6.193550508633181018e-01
6.697615225106769987e-01
-1.365499604036793380e-01
5.242953849182683257e-01
2.644080618835432661e-01
8.275077983345459354e-02
2.676837386448963629e-01
-8.553656164589380495e-01
-3.818094733821636444e-02
6.832773139528395268e-01
-9.964926340347604050e-01
-4.847277829241587455e-01
-6.710565786869626681e-01
6.258585680074851831e-01
2.505523574015867672e-01
3.932209613295755135e-01
-9.707253486579736634e-01
-7.444363246151004809e-02
7.721255814542482554e-01
3.256399192305187706e-01
6.694610499822286620e-01
4.073796529225773289e-01
1.937439397046685774e-01
-5.712634486948249268e-01
-1.168930015258776156e-01
-8.026861210449034445e-01
-5.200415380955407674e-01
8.626345677474669404e-01
-7.590591988985703198e-01
4.649333914905788845e-01
1.000000000000000000e+00
2.759741110061514346e-01
-1.000000000000000000e+00
-3.296162891904838022e-01
-9.457696526952676930e-01
9.036272766420703206e-01
8.610065854919579653e-01
8.115385267684529502e-01
-1.613885567471021465e-01
-8.258463943887736081e-01
-7.430084628226224508e-01
-5.700283722155901067e-01
9.132388540799318832e-01
-1.108045359394500828e-01
2.835559511685619150e-01
4.482600516891667719e-01
-1.000000000000000000e+00
-2.539541629416119384e-01
1.456206145367753002e-01
-7.371850294879751520e-01
-9.909874759190996363e-01
-8.617300292959557684e-01
-1.000000000000000000e+00
6.438534941760756247e-01
-1.076229914084525785e-01
8.522356135347382011e-01
4.002951542143816099e-01
-2.835999367329263832e-01
-3.321490605481107750e-01
-7.615059481829011823e-01
3.194759758378288295e-01
-3.105385459331828080e-01
1.490372398729603309e-01
-3.486226399194112258e-01
9.637919875503971889e-01
-7.964501019514950153e-01
7.469605692324584600e-01
-1.000000000000000000e+00
1.000000000000000000e+00
3.254991030384702944e-01
7.599179139097360647e-01
-8.512097689462447825e-01
-5.837420290971392367e-01
-2.196530734227413739e-01
5.402189014761380470e-01
6.762563653710096379e-02
7.815384829185805238e-01
-5.001839273023055421e-01
4.123848200247347551e-01
-1.299986821520658919e-01
2.735027890486140256e-01
-2.876650621631725580e-01
2.951310782820546486e-01
-7.308842817515349699e-01
-5.548869814445537285e-01
-6.945556691607864819e-01
-1.344785607239367131e-01
6.363830395329768130e-01
5.013642971905115653e-01
4.282411834715054155e-01
-1.397345993399824737e-01
-1.150233957917294603e-01
6.487725936357707779e-01
8.920940194464472839e-01
2.908182092414469122e-01
5.052249224308034137e-01
-4.621923495212844069e-01
9.893206630116968547e-01
2.719476388867398398e-01
7.012862365989946944e-01
-2.277986691187344204e-01
4.420382848016548571e-01
1.151655226973145041e-01
-2.725994924972618277e-02
3.684590783181063700e-01
-5.863043062277879525e-01
-1.033093705662073286e-01
-7.076097959894440681e-01
-2.264427928066328477e-01
9.160767034557506516e-01
4.116044254974037808e-01
7.705970278368828863e-01
-1.425276951599250830e-01
-1.438635643518475227e-04
-2.077269876910965152e-01
-6.225399743533747143e-01
9.874954762011658449e-01
9.842314860684119315e-01
-4.866183736358077883e-01
-8.976697658740635521e-01
-9.995232735943953006e-01
-9.902870561709816721e-01
-5.615265217922389418e-01
5.878159574001512455e-01
5.899008776285508127e-01
-5.222962860815367758e-01
5.168088374514152594e-01
2.116239543621795116e-02
-6.143479835911720421e-01
-4.928637851267477776e-01
6.558837251585512007e-01
-8.116486578888297831e-01
-4.849913605044599563e-01
2.893474761743627943e-01
-9.517505371297679817e-01
9.071305518404616519e-01
-1.789356149135734875e-01
-3.395658224069258990e-02
-6.962150439405948577e-01
8.083040314760800427e-03
5.908708298319191865e-01
9.882973508927253015e-01
-5.381919118788730527e-01
4.485888103074587296e-01
4.839995443791753615e-01
-4.721790315571442465e-01
1.000000000000000000e+00
2.667467914182319877e-01
4.206236234428362142e-01
3.180839865073464279e-01
-3.979821091408988765e-01
7.665491313547262431e-01
-6.035780813465300154e-01
3.686330132964496520e-02
7.328496791049674552e-01
-2.331995562058867821e-01
-1.255024314985003775e-01
4.240446416196769208e-01
-3.443364448928773469e-01
2.506839124152276388e-01
9.569737366273320389e-02
-4.869367768014409292e-01
1.000000000000000000e+00
-8.341506917612455663e-01
7.900112183540879407e-01
4.238614137797102610e-01
1.000000000000000000e+00
1.000000000000000000e+00
-3.796352829616791991e-01
5.229102285646910486e-01
-1.078068399449630677e-01
8.539906537416414034e-01
1.856539365612880632e-01
9.915153161395584558e-01
8.762864524196792848e-01
-6.712000411747576223e-01
4.544317005731607351e-01
2.741448299379513620e-01
-5.121850455148442283e-01
1.000000000000000000e+00
3.678898812360977266e-01
-2.760265829631525225e-02
4.930968786966305473e-02
8.408520396928610419e-01
-3.963898096771908408e-01
2.362098701154917157e-01
-8.281978535248439854e-01
1.007300926516956352e-01
-1.000000000000000000e+00
4.982661207955048632e-01
-3.523631117913796351e-01
-7.914181148851829883e-01
-3.960180284221883618e-01
-9.098322456909099798e-02
3.728601552096258986e-01
2.570779530274527880e-01
5.992570675656475609e-01
-2.071321495728881967e-01
-1.147545912437709092e-01
-3.026726587206527430e-01
-4.043527258878679143e-01
-9.569995319176954895e-02
-2.405473249624082710e-01
8.163086014635116960e-01
3.958392190268227862e-01
7.812936101515806364e-02
-5.430548954518051863e-01
6.733436292231578246e-01
5.448033450425547874e-01
-9.734318211270841514e-01
-4.519583353853051655e-01
-4.887274920272215439e-01
-2.147450477674483493e-01
-6.850252085132837454e-01
6.398568585132768938e-01
7.190746244149304189e-01
1.650690888612247331e-01
9.179893302649921871e-01
-4.230995013322385589e-01
6.088028698116119131e-01
-3.755751448935944724e-03
3.186185081213263603e-01
-2.984823445752374793e-01
-6.423862393322028463e-01
7.705424792968248449e-01
9.955346420829346288e-01
1.051167207944508492e-01
-8.468943544901028631e-01
7.065350567104962121e-01
-7.604603423068069246e-01
-6.978585394501107819e-01
-5.095989708517193462e-01
-8.669966281561038990e-01
-7.256378548849786725e-01
7.659674716584534693e-01
5.076884463579263151e-01
-2.467783445480388818e-02
-3.976821268337005222e-01
8.212244238783047434e-01
-7.501087409618301116e-02
-6.196000332445399383e-01
-6.969522100856893054e-01
7.328003931918537495e-01
-6.862827524900128040e-01
6.590822626934835782e-01
6.072077799393722497e-01
7.711550635771773354e-01
-1.000000000000000000e+00
-3.589355764875226118e-01
3.272459880642945573e-01
5.369157785114568870e-01
2.599592874547441146e-01
