-6.109628993100170158e-01
4.762305987633539406e-01
8.744707086602353519e-01
-8.579997130445922160e-01
-4.171699828505498475e-01
-9.995591415721847284e-01
9.997971427191272298e-01
4.188395282012545295e-01
-1.769433369791487132e-01
-9.666205603385361611e-01
3.737529953909140001e-01
1.435425563368215585e-01
-2.518662209501315585e-01
3.079336350763159924e-01
6.183605294377218786e-02
9.676997760080682243e-01
8.422886411441363741e-01
2.175609328401699183e-01
-1.154007108546520333e-02
-9.310282785026329222e-01
7.988485824215791897e-01
4.993918918234184767e-01
1.431620580490099437e-01
2.112001440750169157e-02
-9.950886035670311047e-01
-3.137790696082624620e-01
-8.604428838489330822e-01
-9.142079708583381592e-01
4.253817716099284052e-01
3.919662954449656955e-01
-3.779244815712439753e-01
-1.207106934500810358e-01
-8.598384204771524209e-01
-2.344478982784380106e-01
3.070745618887832928e-01
5.109408842665562611e-01
-7.499519283495319488e-01
-6.594093382887405985e-01
-9.281473347247970462e-01
6.461582387787124793e-01
-1.770516412964152353e-01
9.878852586000380631e-01
-1.235955516693879042e-01
5.662244345743913110e-01
-9.759874032875561767e-01
4.106267018778583799e-01
4.383258775189916023e-02
-1.532705292076715908e-01
-1.500561437892077021e-01
7.513450665125361860e-01
8.055509878526433409e-01
4.951226531539612008e-01
-2.040533272079561589e-01
-5.775443333945948776e-01
8.867286219464932673e-01
9.815382135183522427e-01
3.203583948317681451e-01
2.366421278745275136e-01
-7.941338391689308773e-01
-5.882639491002041726e-02
-9.865052531444821193e-01
-8.115688159215335151e-01
-7.693629652253195506e-01
9.965973037349941110e-01
-5.602098694636796772e-01
1.916493512952857914e-01
-6.806471459347507302e-01
-6.451450652902650518e-01
8.666849821842876889e-01
-6.159287337670089624e-01
6.656146473997407442e-01
-6.263625573450709583e-01
-4.926999934650742041e-01
2.947477508141099767e-01
-2.794640509966377362e-01
9.931294690898999356e-02
-6.225447749790340435e-01
-3.833864396089082804e-01
5.750156801283995422e-01
1.267215801923953222e-01
-9.882650857383462606e-01
-2.602261889555592678e-01
-9.810449270402671340e-01
6.799483483286874463e-01
5.953678968901016111e-01
3.639207172414232194e-01
6.522869805252367037e-01
-6.774792335500359197e-01
-7.680465742934612372e-01
2.223706254571914120e-01
-6.066752058935641623e-01
4.934186723738027691e-01
-7.134176205847742036e-01
9.999556346222719938e-01
-3.110870719857872779e-01
-4.635729055177026381e-01
-6.662028478479783411e-01
-2.180618620292338328e-01
4.314975565415521408e-01
3.463191780228468408e-01
4.923637632316467116e-01
-5.297508982201863947e-01
1.758848494196467160e-01
3.259052325128868333e-01
1.500032760040619639e-01
1.067513494903710308e-01
8.183072217059597087e-01
-5.435986595597310789e-01
2.421153957878547924e-01
-9.982000017330523445e-01
-3.002745020549435484e-01
-5.119415727954557127e-02
-1.168635589262288915e-01
-1.557685585459761268e-01
-5.690668821890912388e-02
1.430681057372182874e-01
-2.383699165875432235e-01
-3.410063881201595426e-01
1.077527988515620538e-01
-5.991626012719810657e-01
4.339454160321875587e-01
4.383570747695573755e-01
-4.901267277375019882e-01
-8.712919766974440705e-01
9.047827910616842439e-01
-4.038414798722336219e-01
1.118992361750693054e-01
-5.799715040945884192e-01
6.362719235384060035e-01
-9.900073964436418850e-01
-7.693822240374732502e-01
5.785548189102976968e-01
1.859486575303361533e-01
-9.043007406681783378e-01
-2.069035817906174635e-01
-1.989396373224144865e-01
-8.585081045222560103e-01
1.658406691561955526e-01
-9.087924178885238291e-01
-9.925140524070267256e-01
1.191588622608777126e-01
6.367811936259568650e-01
-3.684046985058500590e-01
-1.010006817925981071e-01
9.774400861262912965e-01
3.536173363937586411e-01
-7.637816063372019348e-01
1.096948790700943144e-01
-6.744631251182933163e-01
3.384413005219404358e-01
1.115685030341962425e-01
7.449241488732999406e-02
-5.297139664425678518e-01
7.601306984570352365e-02
6.584229055402639474e-01
9.150363907240905981e-01
2.990234605672167367e-01
-3.144606324855057089e-01
-4.263111800789260997e-01
-7.739471211818897967e-01
-9.702470227798488667e-01
9.800757522803588140e-01
4.408168246526057987e-01
9.750871705813543011e-01
1.118396734585767605e-01
-8.858837084586644872e-01
-7.637792915714886055e-01
3.004083231246444385e-01
-5.015739322217818152e-01
3.331063345157457278e-01
-2.341369640013893361e-01
8.330818321461118670e-01
6.236528573541764986e-02
5.377186071598584194e-01
8.223348867842233956e-02
-7.275088865134765603e-01
6.129036871120302488e-01
1.100591633784553797e-01
2.541063516310268500e-01
5.021719868781435725e-01
-2.840399417661521042e-01
2.160448745006964266e-01
9.234169355691241865e-01
8.254520260904291140e-01
6.730649396663925810e-01
8.032927177599683555e-01
6.911490844934284894e-01
-1.169001184606218713e-01
8.606642022327537500e-01
-7.960416846655776757e-01
-8.318597463659053171e-01
-3.177224938758734241e-01
2.411535993433710223e-01
8.438019996387546851e-01
4.411158607927601616e-01
8.135924425343080690e-01
-9.659861562220286579e-01
-6.100821087730079473e-01
3.034558949384726367e-01
6.973289245754997756e-01
9.522412757120839455e-01
8.467264122682189864e-01
2.641282516073709674e-01
6.395849053626195824e-01
-8.046592567105129712e-01
-1.887760953611425374e-01
-8.657174128190102680e-01
3.751860363407469312e-01
8.796736098889454958e-01
-3.194488401712398673e-01
-1.523064210694490828e-01
7.991733307459022440e-01
5.289265874194171158e-01
-2.983645608082337031e-01
-9.992985826679147143e-01
-6.400080849366373004e-01
-2.076561880150351591e-01
-2.846847903024586346e-01
6.986946052975974153e-01
7.145471623748849144e-01
-4.152208670511853272e-02
-7.611401897348626377e-01
3.498613359683311330e-02
3.943832080070629464e-01
9.986392412290233667e-01
5.941752965080480120e-01
-8.943209092093264978e-01
3.072002881006607455e-01
9.803475563097160395e-01
9.493780295017751891e-01
-4.950210941953880339e-01
-5.505450063561179164e-02
9.973055380337062514e-01
9.286797770239415550e-01
-5.885826081626938100e-01
-5.231574461967881673e-01
7.774877975592398016e-01
-8.885863733845882351e-01
5.966349344424852763e-01
6.688773254586433126e-01
4.581545345879862730e-01
-6.235506942534296826e-02
1.597362724496751152e-01
5.811355644180835611e-01
-2.521339984691993164e-01
9.043174198778529682e-01
-7.955800771533518834e-01
-5.885294991423981603e-01
-2.260731619809034920e-01
-4.750770097190171182e-01
-4.331316160060038611e-01
-5.343541727659217866e-01
-1.455582064146483667e-01
4.256558657434974524e-01
6.232460575063176744e-01
6.109555901483281204e-01
5.830975332682951651e-01
1.960382709191574868e-01
2.023324943292771350e-01
7.495566626857580461e-01
3.365597488168720064e-02
3.439893076602211219e-01
4.858095437135171446e-01
-1.032603185376274046e-02
9.665534786878509088e-01
