8.801942031370179054e-01
-1.000000000000000000e+00
-3.826868294428565354e-01
-2.278556852971408975e-01
4.309909006704336631e-01
-7.557234200212822328e-01
6.904590330230515605e-01
6.051090630823572347e-01
-1.000000000000000000e+00
1.000000000000000000e+00
-7.813703706783096115e-01
8.238991434782019230e-01
9.827517695376307705e-01
1.000000000000000000e+00
-4.419487910889807747e-01
5.146814237386043711e-01
8.008324584872157370e-01
-2.926569901119219219e-01
2.835807895613831620e-01
-8.889640984184834505e-01
-5.608194447642450564e-01
1.000000000000000000e+00
-2.602448839187554430e-01
-1.000000000000000000e+00
4.855312280047680701e-02
6.805391748321540923e-01
2.134594322268108246e-01
-4.437040727192929079e-01
1.000000000000000000e+00
3.323814211047180223e-01
1.000000000000000000e+00
1.000000000000000000e+00
-7.572051262029723118e-01
6.732784446678923285e-01
5.188146206374488756e-01
2.747149275564128579e-01
7.831791521328477224e-01
7.581669146267866477e-02
1.000000000000000000e+00
-1.000000000000000000e+00
-1.000000000000000000e+00
-1.738238251267303358e-01
1.605336945662524939e-02
3.808399450851224222e-01
7.450765261077695323e-01
5.251885532585698346e-01
5.288240494860432239e-01
1.000000000000000000e+00
-8.683998827995633718e-01
-7.758264787346200730e-01
1.000000000000000000e+00
4.875890191438489452e-02
-1.522118833371479685e-01
-6.628596032605784671e-01
-1.000000000000000000e+00
-7.280893892749256135e-01
-8.027234339242004246e-01
-1.000000000000000000e+00
-7.595523750053347900e-01
1.000000000000000000e+00
-6.535555639018062468e-01
-8.314553261901352910e-01
-9.661771136796302173e-01
8.524344447450582507e-02
-4.548589772354860727e-01
1.000000000000000000e+00
-2.829238627666629813e-01
1.000000000000000000e+00
-3.951100892431043676e-01
4.400715070792826089e-01
1.000000000000000000e+00
-1.364571092140544062e-01
-1.969249779240195564e-01
-4.449084683169828303e-01
1.000000000000000000e+00
-1.073451969016354646e-01
9.845335527957366217e-01
-7.693022334797463557e-01
1.000000000000000000e+00
6.504141721772241369e-02
1.100794270580325307e-01
-1.000000000000000000e+00
-3.989670361868231652e-01
-2.371600146274417398e-01
-1.801776764314542700e-01
1.000000000000000000e+00
-9.334547703486980597e-01
4.619843172717692514e-01
-6.701942389431903013e-01
9.752487281413559916e-01
1.000000000000000000e+00
7.131865963921963925e-01
-1.000000000000000000e+00
1.000000000000000000e+00
-3.589390464376052137e-01
8.190173120656154548e-01
-2.468990706364935228e-01
-1.000000000000000000e+00
-6.387812642550962927e-01
-1.425148217512557380e-01
1.555895561759965684e-01
-1.032093222683358458e-02
1.000000000000000000e+00
-8.330095513406481356e-01
-1.000000000000000000e+00
1.000000000000000000e+00
-5.068449557154465213e-01
5.911450224900097750e-01
-9.125644957459123630e-01
1.000000000000000000e+00
1.724236328277732877e-01
-5.969294734109140688e-01
-1.526694100213587535e-01
4.696308740469748999e-01
-1.855389540889050837e-01
3.404870614327681899e-01
2.372752533969468836e-01
-1.000000000000000000e+00
9.609075010179392029e-01
1.000000000000000000e+00
1.763642319146478676e-02
2.929916815976332245e-01
-5.953480973357716532e-02
3.753800941449609851e-01
-4.406527534597424189e-01
-1.193500568751634794e-01
1.000000000000000000e+00
2.974538378817975781e-01
1.000000000000000000e+00
1.000000000000000000e+00
-2.754995182846590174e-01
-1.422829817532903496e-01
-4.883889406898574981e-01
-8.542683050331167927e-01
9.348155031644872492e-02
7.364492210249979909e-01
-8.824158635940576589e-01
-7.630209497062220292e-01
-1.000000000000000000e+00
3.330909251402343063e-01
-1.923888530172315758e-01
-4.111951858484583777e-01
-1.000000000000000000e+00
4.896158395056318113e-01
1.067904776374847819e-01
-5.376261331402091281e-01
-1.000000000000000000e+00
-1.000000000000000000e+00
-9.529509617288018930e-01
-9.485195619999189920e-02
-4.172605281908198238e-01
-9.330934081074819808e-01
-1.442518322542973852e-02
4.907892173721963847e-01
-1.000000000000000000e+00
-7.409948582583457677e-01
-1.000000000000000000e+00
1.000000000000000000e+00
-6.989754695037135868e-01
-1.000000000000000000e+00
-1.000000000000000000e+00
7.184248632796198519e-01
3.628484355856517185e-01
-3.488838298967604779e-01
-4.373016207188633597e-01
6.263809195259774087e-01
-1.000000000000000000e+00
1.000000000000000000e+00
-1.721320404732786802e-01
3.271119148171375279e-01
5.854093677444578425e-01
-9.435274277663181497e-01
-1.630366423974558554e-01
-5.788723006344265176e-01
1.147014296096022790e-01
1.000000000000000000e+00
-9.865285814983536516e-01
7.405110680563021797e-01
-1.000000000000000000e+00
-1.000000000000000000e+00
-9.896712383885440945e-01
2.094197208675468436e-01
-7.325527957980826343e-01
4.619977848278726817e-01
1.000000000000000000e+00
5.026193816333355269e-01
7.304547110504322482e-01
-1.000000000000000000e+00
-3.096652495500904489e-01
8.246540848459441575e-01
-4.609578942746749286e-01
3.678712163206145913e-01
-2.025448955436558174e-02
6.143224489219142326e-01
-7.956979964694865792e-02
-7.611364845957472314e-01
-1.000000000000000000e+00
1.000000000000000000e+00
-6.448817920166988182e-01
7.800244983331764415e-01
-4.809604581260913392e-01
-1.000000000000000000e+00
7.323497358030259807e-01
-1.000000000000000000e+00
8.280418248091941935e-01
-6.889677126395863382e-01
-1.000000000000000000e+00
-9.393398036890391323e-01
-8.325091026471426181e-01
4.186854324940256777e-01
-1.000000000000000000e+00
-8.482035878880689328e-01
9.000662427692665002e-01
-3.101901627367263936e-01
-8.998935533448818580e-01
-4.564059614718112279e-01
-4.903934650007888418e-01
-2.713400383161166385e-01
1.000000000000000000e+00
1.000000000000000000e+00
5.498196974341149623e-01
-3.883363465464181874e-01
-1.000000000000000000e+00
-1.000000000000000000e+00
-6.025643712839590105e-01
2.717603588421189098e-01
2.084234541851011646e-01
-3.264014229752595364e-01
-6.198986108775241810e-01
5.888362549027175152e-01
-1.000000000000000000e+00
3.095991800012060091e-01
1.068846586272157173e-01
-5.518897767135818588e-01
7.741872307547057463e-01
-2.514631410756867358e-01
6.748762540491974882e-01
-9.304369798215028631e-02
1.000000000000000000e+00
3.322185854641872271e-02
-9.172285715794876726e-01
5.782985913236026176e-01
-8.707951602189147877e-01
-1.000000000000000000e+00
8.409195914848355269e-01
1.000000000000000000e+00
-3.395731800049183180e-01
-6.266346409477304702e-01
-5.864873185177261750e-01
3.525078417884744408e-01
-1.125578100490016720e-01
-1.566215798369887391e-01
-1.056785882563907875e-01
4.379081898365116410e-01
2.258870341314145325e-02
-1.000000000000000000e+00
-5.830187275785395640e-01
-9.436476384041395660e-01
-4.187236724584137981e-01
4.666952958081607705e-01
-8.322522202589905937e-01
5.387263250985392382e-01
7.804043888301126497e-01
1.000000000000000000e+00
-6.050178247533462284e-03
