7.614518989741059229e-01
5.810753479677681632e-01
-4.933116875927094913e-01
3.185202024866249371e-01
-2.141590859766876465e-01
6.872090030774787861e-01
-8.668481240696928047e-01
-7.877092209618967722e-01
-1.349459576800049465e-01
-8.520783899871607892e-01
-1.717797630032467104e-01
-4.089355390179876260e-01
-1.255237852882558069e-01
2.635250663890253975e-03
-4.837048218148564116e-01
2.080482351151751175e-01
5.584225029742069246e-01
5.974001429899384874e-01
3.256254568069953947e-01
-9.827605219823658533e-01
4.363494346306306948e-01
-4.943245292645668254e-01
1.534074642494235030e-01
-9.243290404712789510e-01
-4.539658723915445115e-01
8.356142182150728959e-02
-6.661832453633466100e-01
-7.431569543290577062e-01
-4.787870019517774800e-01
8.768035198595767188e-01
2.494678815188681453e-01
7.151798977301203619e-01
7.346022560000451396e-01
-6.407355307555309132e-01
9.461906445804190158e-01
-9.754146152071726528e-01
8.797878529790922886e-02
8.920512491605323557e-01
3.424394805080626658e-01
-6.277471107782990334e-01
-3.440778137184700158e-01
5.360534358368880259e-01
4.170129129716985128e-01
-5.427369134049464527e-02
7.624871239018915503e-02
-6.752390034748614878e-02
4.293245062974548887e-02
9.216419251506138277e-01
-6.050393616392425455e-01
-3.468303122998326882e-01
-3.432913887424267063e-01
-4.015768923983808469e-01
-1.991478242378663666e-03
3.064506333261083348e-01
5.350218253670639967e-01
-4.927087514705608129e-04
-8.292978137518509651e-01
2.292247363183059772e-01
-6.912999020701334763e-01
6.296591508595645870e-01
-4.173823388912719645e-01
-2.370226637564528671e-01
-1.796328791154674920e-02
-4.101038804349703693e-01
-7.102164847650702661e-01
1.410789365050280075e-01
1.500086806922895644e-01
-7.865226182975214586e-01
-1.004827364026532610e-01
-2.992898485870057468e-01
-8.795681708626501560e-01
5.296330008141101331e-01
4.727317242957618237e-01
5.293182012138102355e-01
4.617116336647163477e-01
3.025560458224832994e-01
5.370666359668583301e-01
3.017582231884377020e-01
5.469994131686350958e-01
9.997069730524507092e-01
4.798641438072114851e-01
-2.161463937601756924e-01
3.440863404721449248e-01
4.659782562733909006e-01
3.774070970596511976e-01
9.978401484109502562e-01
1.987989481782603540e-01
-6.032997268076563113e-01
9.090292256648190294e-01
3.078424839793395540e-01
2.804894922238199140e-01
-3.528461130472432261e-01
-9.416194005108586840e-01
-2.494053740000751196e-03
6.409638590338435638e-01
-3.990679778710936043e-01
-2.190795843749027694e-01
8.486446930467900218e-01
-7.165596361405592862e-01
-9.876314758581306030e-02
5.097832433786161355e-01
-4.880387473733542869e-01
-5.366097987133235936e-01
-2.713632459267824037e-01
1.442770000006506070e-02
4.622873631998013488e-01
9.590585297588489766e-01
2.755107386194746155e-01
-6.286216552238229616e-01
-4.031948699238914191e-01
3.741303649986970070e-01
-8.132542952676417025e-01
-6.381563121167944663e-01
3.816280928552757135e-01
-5.703267072914190994e-01
9.995540203508603838e-01
8.484331100010558679e-02
1.277981318885603734e-01
9.114288041603545443e-01
2.979372704374967373e-01
7.032209635737152187e-01
-8.819568839940449267e-01
-7.183071592884535672e-01
-2.095954922427180067e-01
-8.811662196359927313e-01
6.787838377273183177e-01
-9.721732823546301860e-01
-8.523224479491147143e-01
-9.682470777175964383e-01
7.112415582972586581e-01
-4.779431779168148986e-01
-6.089693305348282681e-01
7.030108627434294988e-01
6.105540725596106943e-01
7.808298612794370985e-01
-8.555343582007880476e-01
1.691127411458847318e-01
7.045006232833979087e-01
-5.834305518480817909e-01
1.255972711550915055e-01
5.957841644999087305e-02
2.771021071976681460e-02
1.883804466865311167e-01
-9.871516845705261556e-01
4.969424279372988140e-01
1.873012943377403983e-01
5.147372301034496278e-01
-4.609695406650445304e-01
8.779030923826889321e-01
-7.695316660370178363e-01
-2.132518703092470547e-01
9.101822423378689297e-01
-9.507979117120042289e-01
-5.884797259669291569e-02
-7.732090401173796756e-01
4.860942990042497192e-01
-4.327390692225503432e-01
2.070021756911268884e-01
6.926483362410862377e-02
2.970678422967187315e-01
-9.937618832527115309e-01
-9.835710634331916724e-01
-5.014296831342863747e-01
-4.841334765982376331e-01
-1.837372241776118464e-01
-4.587860442169306441e-01
-5.825312739883492519e-01
9.331456213137875322e-01
4.425219153041495823e-02
8.597304803724761246e-01
-4.481064277810496432e-01
7.428121843325444229e-02
8.603854776189833187e-01
3.445973337352170596e-02
3.302660224195044791e-01
-6.453246990736549726e-01
-1.224452542636180197e-01
-6.955094771238931051e-01
-9.414282812845605752e-01
9.610912640236621285e-02
1.370073069405776389e-02
-7.155124039148601234e-02
4.310401065311822988e-01
3.069806157606339569e-01
1.203398075048032201e-01
-2.187482480829157638e-01
6.247109420723588880e-01
-5.280470952070472901e-01
-7.970312706619517851e-01
5.981787147555888140e-01
-9.162792640230570385e-01
6.332674503179054615e-02
-3.584959355420812011e-01
-3.578191179629021113e-01
-7.062716728112568010e-01
-9.574431857250328415e-01
-3.114621818260703279e-01
7.215128945342327293e-01
1.140426602293391767e-01
8.021961998937272575e-01
-9.424414554546397538e-01
-2.895573548926697605e-01
-9.749858329479843544e-02
6.064337236023762401e-01
-3.532463839905043423e-01
-8.985089791774891754e-01
2.675988186506013666e-01
-8.484205393763516456e-02
-8.642632978906671370e-01
4.946952988031557141e-01
-2.524056304828713460e-01
-5.534790450072820667e-01
2.979917226597836866e-01
2.419112060893534033e-01
-6.982665190905092967e-01
9.738109432782908748e-01
-5.338918862014425670e-01
-5.577133199616709502e-01
2.619336484455040415e-01
-6.924803881744413525e-01
5.161745794431054080e-01
4.055867071980825411e-01
-2.427880723373771477e-01
9.694960780953747470e-01
-9.652021305143195784e-01
2.562022071969345394e-01
-4.072084447010887454e-01
1.114476452374145166e-01
2.276161100244291080e-01
6.375660249549313097e-01
4.440897420837195408e-01
6.439268521660017619e-01
-7.607493803826266277e-01
-4.813920643981223213e-01
-6.656076086704066919e-01
-8.582515604523115460e-01
3.270396387128597371e-01
9.343932573642274031e-01
-2.301052166293219292e-01
-3.982549616566882777e-01
3.140317588462651632e-02
-9.697172707735499664e-01
9.970146668875042861e-01
-3.198675176481302618e-01
2.765807821644610809e-01
7.003490989976958181e-01
-2.367189462112453402e-01
-1.659024210767906515e-01
8.696358464651492426e-01
-8.067923366080238523e-01
-5.061496629138104719e-01
9.194972112258193997e-01
-8.878861636038586358e-01
6.775330151750028063e-02
-4.549912999198878483e-01
-2.731651968792159213e-01
7.176272597129531583e-01
-2.047466700983454069e-01
-9.884181221862926581e-01
8.315800167159728140e-01
-5.604085189077505635e-01
-4.558088608618660054e-02
3.100294801906975373e-01
9.606075508223235193e-01
-7.716431605313227582e-01
