4.378526029329958824e-01
-1.338789091000147091e-01
1.000000000000000000e+00
-7.289278639563412376e-01
-2.732308698469087527e-01
7.727640859596319745e-01
-2.054429079620585796e-01
-5.434734611201866850e-01
-1.038321959315257059e-01
-1.000000000000000000e+00
8.568596091873079690e-01
-5.396263659385476252e-01
-1.359170998326375002e-01
-7.625201840414139731e-01
5.284681360358763902e-01
3.353245730502198430e-01
-7.940017954271162415e-01
6.796405729443932842e-01
-1.000000000000000000e+00
-4.181379396276446725e-01
-2.021485396169783455e-01
-5.952759232108069121e-01
-9.085402992955982082e-01
9.673046658168881207e-01
3.952189983256133021e-01
1.000000000000000000e+00
-7.656543435593149427e-02
1.455696103157634036e-01
8.357904771610952244e-02
-1.880125409411931847e-01
-8.280828500292184424e-01
8.997466781507603706e-01
-8.932766427165308443e-01
7.562829885434694255e-01
-6.233135162409323415e-01
5.911683545094924552e-01
-2.306334231841883353e-01
-5.221475101126864526e-01
-1.434133139698292592e-01
-2.426606738757728920e-01
7.690234000013980165e-01
9.289530543474846525e-01
-1.165628769439291529e-01
-9.370118276123232115e-03
-5.016974588120450829e-01
6.141057349191381132e-01
6.145109512886480774e-01
9.540404849877311966e-01
-7.296020654853865306e-01
-1.355971489222837223e-01
-9.655419686971822291e-01
4.836085389896003228e-01
5.063063732181319887e-01
-7.398623845746389316e-01
-2.784976558888440090e-01
4.234313821950044798e-01
8.639262833915270501e-02
2.122462810911485420e-01
8.963930774811798008e-01
9.540113420278698575e-01
-6.455335615843036390e-01
2.487459890711980481e-01
-9.269051816458465654e-01
5.873360385094372749e-01
6.750751756809438842e-01
-7.628773179952587080e-01
6.188292428025889136e-02
1.468942302640093289e-01
1.823539059892346492e-01
-3.341461359640643947e-01
6.943938859706764166e-01
1.852468166953689377e-01
2.330749115568880592e-01
-9.489222145911710982e-01
6.229246094423080971e-01
6.576708547125620363e-02
4.164120685973191627e-01
-8.429593858949996354e-01
-9.058127679292065082e-01
-9.889885801180861025e-01
3.857032525934498413e-01
-7.625116640372391341e-01
-5.788479908177429634e-01
-2.035220721350886053e-01
-3.709068458751456632e-01
2.320945222046251755e-01
-3.940121903650946611e-01
-1.000000000000000000e+00
-2.544832315217070429e-01
8.378480252766561387e-01
2.101790431351446831e-02
3.906277786161965748e-01
-6.117483636499825295e-01
1.948699234490997023e-01
1.000000000000000000e+00
4.295690568376300117e-02
6.463784115511368444e-01
-9.422050257202885248e-03
2.696036316271627209e-02
-4.271576718696923347e-02
2.961427769994033898e-01
-4.917886266136245466e-01
-3.292031776297633106e-01
-2.075014205627885577e-01
-1.000000000000000000e+00
-5.444682800465970862e-01
-1.057039135897571147e-01
-1.000000000000000000e+00
-2.767568665127314587e-01
-7.526727632001587454e-01
-4.185010616198718836e-01
-7.044311577233930421e-01
3.058101972965946991e-01
4.246823888048670836e-01
-9.413475558231183538e-01
-7.653728981087885019e-01
-8.368826952174657219e-01
8.953489701777120890e-01
6.995095143372938029e-01
4.195038572359474638e-01
-3.123065142410828554e-01
6.374419281461382036e-01
2.714651674659874780e-01
-1.000000000000000000e+00
-4.901092948636662783e-01
9.764267267440595033e-01
7.752237271765428928e-02
5.591097177669053231e-01
-9.446301962078802461e-01
-2.010858198826995791e-01
3.835296165848100514e-01
2.613472302672689151e-01
-9.584647132599165564e-01
-9.784905466190227941e-01
3.526475284040245795e-01
-5.070311271771835715e-01
7.817682363559697034e-01
9.637326469301209508e-01
1.749447853957626642e-01
-4.045252572301267779e-01
3.227939618184312853e-01
-1.370786247208393566e-02
7.260544392326521157e-01
-6.866752158600748501e-01
2.210398877081174440e-01
4.752022367223611155e-01
5.036718066992309506e-01
-8.941907783301027424e-01
7.748458077720832976e-03
2.987319635207947299e-01
2.057082517801177846e-01
-8.361399024833554572e-01
1.042334003530135944e-01
-2.872399402340755636e-01
1.447571803662641710e-01
-8.538360367794132211e-01
-9.566729834569768220e-01
-2.728642979535403357e-01
8.226053694870320010e-01
-2.793636322814877504e-01
-1.000000000000000000e+00
-1.650582472079334395e-01
-1.434794959922647273e-01
6.384568246535267111e-01
3.809101089230865211e-01
-7.800685300144722945e-01
2.461739598670120155e-01
6.618962603973379544e-01
8.914486620164185915e-01
-8.721011056428850106e-01
1.718905718922419112e-01
8.872968077541710796e-01
9.468354861006431644e-01
-7.063697199978705710e-01
1.000000000000000000e+00
-1.855213520404534050e-02
-1.943228170342846672e-01
2.008843930132103994e-01
-4.772509019320161916e-02
1.225491652183716973e-01
-3.869200017557046789e-01
4.282021573037717022e-01
4.114703313906156734e-01
4.576272058204556847e-01
-5.077051654228027511e-01
8.745854487540278832e-01
2.711183583717458045e-01
-9.056704925743254142e-01
-3.534043983316062509e-02
-1.663744100117989233e-01
-3.040797782324642373e-01
1.736997914484990357e-01
7.029063353838121975e-01
-7.768229420445601496e-01
5.213737924208913244e-01
-3.821116384768182273e-01
7.837638925276295410e-02
7.438167892938996051e-01
2.072123473136579519e-01
1.000000000000000000e+00
3.825629685721801954e-01
7.159118158480693994e-01
-7.866682310702745040e-01
7.870980224746508824e-01
-3.835172959698291972e-01
-5.181292950462464963e-01
-8.619543640460185230e-02
-4.191648253279532388e-01
-2.022349321271823264e-01
-2.075641701725030042e-01
-7.415529168842857066e-01
4.185876979118297592e-01
6.888513215095401487e-02
1.059645616213020225e-01
5.759282230172332318e-01
9.709071809466925940e-01
-7.185452451261278295e-01
5.004035983113210850e-01
-7.086045609954927382e-01
7.975391116993605367e-01
-6.007592843283455775e-01
6.272270753883971706e-01
6.163936485501896323e-01
6.332966430296617100e-01
-9.104949171767205973e-01
-5.551368299421525210e-01
-8.613545897284627939e-01
-5.042685501321594321e-01
6.048966309215045856e-01
1.940747892118954154e-01
-4.100223759958160907e-01
-9.660993909509508759e-01
-4.646649744312659758e-01
4.238859973553317784e-01
2.405783473830355457e-01
2.406468956041865892e-01
6.211618781356895713e-01
-6.318570676058981039e-01
7.875924834070054947e-01
-7.491120387246191781e-01
3.261921084721047803e-01
2.092756777580684902e-01
-1.640823340133253372e-01
7.059641861112755379e-01
7.373522769751804651e-01
1.637849938396453986e-01
-3.406976878622699489e-01
8.688538158420293644e-01
6.612994136021280722e-01
6.522183432344907938e-01
4.511334957745008478e-01
-7.585369946231281801e-01
-7.512726605034003580e-01
-7.723694403311535117e-01
-2.702794769504991979e-01
-7.085027876172232952e-01
-8.893092568535094777e-01
3.571969001472923011e-02
5.776921612146402873e-01
-2.058193454793529886e-01
-6.227203157285141621e-01
1.702181080766393129e-01
7.216952699346999012e-01
9.840642641351734499e-01
7.874659639762331409e-01
