1.624622683233080678e-01
5.580604342597692002e-02
3.271204917275800650e-01
-2.979385058906558470e-01
-1.219089400836962656e-01
8.126838541270531291e-01
2.340806119502503724e-01
-4.907347774476379376e-01
-8.066108482873283192e-01
1.915469573749146170e-01
-1.164064221761317852e-01
-3.291491526973935322e-01
-3.487861243877589112e-01
4.460085758636109232e-01
-9.292266993841918898e-02
-4.689485913571599385e-01
-9.073882716780139468e-01
5.091702770163866187e-01
-2.815842670955996940e-01
7.161943304825160173e-01
-1.504116469318156901e-01
4.972586682288143711e-01
-3.907403028447551385e-01
9.085187880563900809e-01
5.695143929919173065e-01
-5.791275456926692211e-01
-8.517460609729513576e-01
-6.902016279718425906e-02
3.287962680197180632e-01
1.070460820487939557e-01
-4.296932166221805738e-01
-9.618749188995238120e-01
-8.204377157513838004e-01
-4.003329038887180058e-01
-2.808997138584309883e-01
-9.194037894434206049e-01
5.688591216497818071e-01
6.111349615897339049e-01
-7.830172016474770125e-01
-6.820322611262699120e-01
-5.971523600195942638e-01
-2.459293758959051335e-01
7.968819798487940531e-01
-3.163438590206514300e-01
5.712692649538557710e-01
8.728772592815399189e-01
2.546059005957214127e-01
4.365091915490844077e-01
9.432324128414453224e-01
-6.490608572458307357e-01
7.659916813439235916e-01
-1.549839788222575621e-01
5.191655392268714753e-01
-2.829464990072818598e-01
-4.100710990030265179e-01
6.612748253975360146e-01
-3.032453757828044161e-01
9.149708475642959193e-01
3.171828089003090323e-01
8.373710093021791145e-02
-3.475709048244267074e-01
-2.836692278913415244e-01
4.479878549581199909e-01
9.520166422821711993e-01
-5.925085246572331377e-01
-5.876821541155852202e-01
9.167259334179556074e-01
7.921019813859540015e-01
3.939486005073106201e-01
3.364146266391081497e-01
3.283844470681205330e-01
3.269279966807230320e-01
4.811971569730123521e-01
5.830069791350881436e-01
9.649223144863599000e-01
-7.245538063833838471e-01
1.360267258267824353e-01
6.278540946280217749e-01
5.287330475124760731e-01
2.348438195381891136e-01
4.382513477691674098e-02
-1.318578870195007413e-01
-2.855416957835565928e-01
-7.854950649199301527e-01
7.303822503315139381e-01
5.057905001757223573e-01
1.332467784408191136e-01
-7.191525660003583731e-02
-1.586720099460803279e-01
8.154701910318626901e-01
-9.625264720637263793e-02
2.141576099697228841e-01
5.360056680844101917e-01
3.029988764282738334e-01
-3.220746444563785116e-01
-9.602513620484336432e-01
-2.720631656310325552e-01
4.247085733864575108e-01
-6.276532151989391295e-01
8.697147186238425309e-01
-4.146640695771805496e-01
1.440868163139314984e-01
-5.412180629261215126e-01
-2.999644160682428673e-01
8.104990870673038916e-01
-3.664252123132323291e-01
6.635464333332405928e-01
-7.985654057343263279e-01
9.602490619528780691e-03
-7.542856840567975230e-01
-7.402960000577604172e-01
5.400358641469180654e-01
3.862985686475024494e-01
-3.037739920504248237e-02
-9.007426951433450402e-01
9.745917875494363170e-01
4.535178988050532212e-01
2.368672714424375769e-01
8.273212584709750406e-01
-7.032954120109231599e-01
1.034639503026384411e-01
-8.792704409214405770e-01
2.267069337885470048e-01
-3.944752002394440460e-01
-7.487043749074915322e-01
-8.168461431517573534e-02
-2.182826002225870810e-01
4.219915377344964913e-01
-3.143460154237487369e-01
6.125398650098745623e-01
-7.403616431745574378e-02
-1.012102740050404570e-01
1.307592452784700487e-01
3.663377654244986958e-01
-3.803881423219415137e-01
-9.091691164212850618e-03
-2.582762556540649790e-01
9.374308422661850049e-01
-8.306269583309833227e-01
-9.373331092072612059e-02
-1.232871084061629846e-01
-1.289349838870677001e-01
7.073191585946572157e-01
8.480620186858986997e-01
-9.667220202451244360e-01
-8.221920510661595571e-01
-5.890010338498818943e-01
-9.065937578270075736e-01
-8.943477610509931175e-01
-5.125777351150462291e-01
-1.537748074092664119e-01
8.110386683332795332e-01
-3.530774282388822183e-01
-9.961066628622670116e-01
-3.660306571136182630e-01
-1.202234885433030032e-01
7.440066870751995687e-01
6.363837593889438704e-01
-7.762314456214747249e-02
7.319705785825254551e-01
-8.200267181732150412e-01
-2.674172041490177065e-01
-9.926906586386869957e-01
-9.430309937382395091e-01
3.889379070053164966e-01
6.688753402290368300e-01
-5.495911901696819424e-01
-7.576814023070383985e-01
-3.440995352760951587e-01
-7.157033547939972706e-02
9.831066398050218869e-01
5.541213711756045601e-01
4.091977532360209224e-01
8.482607395887582502e-01
-9.126676538322390231e-01
-4.042912898094198626e-01
4.626942190974179248e-01
-1.859823892602965323e-01
5.480285165604873443e-01
1.849689799225373577e-02
4.735284290894767878e-01
-3.671037497758362633e-01
4.915195213293777066e-01
-8.767661528963517359e-01
-9.219557015179817849e-01
7.225245178135588642e-01
-8.555656005236487172e-01
-3.886396464334563872e-01
8.379877011725291869e-01
-5.305615658273203916e-01
-7.163671468336865189e-01
-6.768774295951636155e-01
-7.693751967648214674e-01
-8.802954571104804060e-02
-2.840938307827738374e-01
-9.551708613037510620e-01
9.847824351675933396e-01
-5.665790017226066677e-01
-2.301746084792613556e-01
-1.919533507349850954e-01
-9.413264748925057601e-01
-4.034837119004954786e-01
-8.966621047820526602e-01
2.463217084850163052e-01
-8.355141336816966913e-01
3.266746257098129824e-02
-7.417245743423306337e-02
6.885155794865447376e-01
3.755767945963111032e-01
-9.820178628226768902e-01
-4.775696997421805534e-01
-1.625967932615115519e-01
5.264554635348737133e-01
2.892864481011196975e-01
-9.445939795028892583e-01
8.124732643123433462e-01
-6.124181165738333821e-01
-9.007940569946139286e-02
5.531591521179144433e-01
-6.826637314643293486e-01
8.457135794952230778e-01
-8.237526570683804117e-01
5.198428883092507391e-01
-6.185434174547643771e-02
-3.973246649662924845e-01
-1.465408331515252738e-01
-2.033939042195235525e-01
7.866412460654342853e-01
2.900232786014755870e-01
9.742049743886165292e-01
-3.002975055205836519e-02
-7.026903408500049242e-01
-3.114356394926742766e-02
-6.155170736464228298e-01
6.847455884119535430e-01
9.386528750241223129e-01
-7.181518902726231612e-01
-8.638384635880416162e-01
5.900892508845261286e-01
2.054170853163324040e-01
5.901982315873759433e-01
6.560213337876823481e-01
-9.031720570554149230e-01
-3.002714690713528256e-01
1.898195845444030916e-01
-9.557445098361354585e-01
1.011241202554696711e-01
-5.758880288176053686e-01
-8.521091314180824217e-01
5.967879863327214540e-01
-9.791901059224394910e-02
4.162016358965467955e-01
-3.481665957960689006e-01
9.038566056212633537e-01
-6.839392773662094083e-01
-3.470228973125677463e-01
9.815609935107784123e-01
8.046150104576091922e-01
9.642031988377403051e-01
5.086886261925904762e-02
1.336613702345818555e-01
-9.366221762535307249e-01
3.877715039943434583e-01
7.694881445684356169e-01
-6.879757739326213262e-01
