8.281620764601838047e-01
3.571459005291949818e-01
9.177773451958326500e-01
-1.129875034747076512e-01
-7.816882617365582264e-02
9.124030445605411099e-01
7.633198503605100882e-01
-5.639788422618591257e-01
7.651769451475067818e-01
-3.879305875233611256e-01
-8.575737824333594661e-01
2.512170025256938999e-01
-2.002086401265275040e-01
6.075869396531818900e-02
3.400620657825158544e-01
6.305571941926269020e-01
4.678736435700270313e-01
-2.394217729449810150e-02
5.545629303869328286e-01
9.544978594586178700e-01
-6.505475226018031520e-02
-5.896200029318150460e-01
6.944909080007689584e-01
-1.846271781733073158e-01
5.351267633701990434e-01
-8.945429997820842916e-01
-7.505866965930909629e-01
-9.011759924267408461e-01
9.645531635615156585e-01
4.849874848927855364e-01
9.787923811989716061e-01
4.127822837290362479e-02
9.803487642706461003e-01
4.714815688904840929e-01
9.730426629071116107e-01
-9.594225212672731207e-01
-7.714925148367433039e-01
-3.937569182414650815e-01
-2.002785135411474238e-01
-7.751720421493932811e-01
-8.695936251885961754e-01
-2.428820358083849662e-02
-2.042856135855863065e-01
-6.397688791724827073e-01
7.381270284310983421e-01
9.494434205913733216e-01
2.926202136919670571e-01
-4.251643920631532070e-01
-9.128144947176530799e-02
-9.702715647403041821e-01
6.553147891211473786e-01
-4.686936257570943898e-01
8.435802248449149054e-01
-8.441739266346049986e-01
-4.295819614959110466e-01
1.207624627600131784e-01
7.579619944184057267e-01
9.788129456848218002e-01
-1.188337246311710893e-01
9.349917548151823743e-01
-8.626749762304195546e-01
-2.662409286907174710e-01
5.995437875621046908e-01
-9.610438457211050167e-01
-2.935688537612856086e-01
-6.569193530572819961e-01
-5.056697818586048943e-01
9.675617736363877341e-01
-1.454158586482374727e-01
-9.926395098283078422e-01
-1.591998367798150849e-01
-3.852880539524139447e-02
6.426899612634728864e-01
-1.453910069348627321e-01
5.207959722304634775e-01
3.600971493098681364e-01
9.297543642523098395e-01
1.887936789193815634e-01
-5.771024214920437156e-01
-5.968500670256141061e-02
3.145128356759258059e-01
-7.019904879689429222e-01
5.209140612191718311e-01
-8.677419247680466796e-01
-9.342157129768988710e-01
-4.540327979056652530e-01
5.499359692086525087e-01
-1.390015734889000765e-01
-4.328249164518500613e-01
-2.664495144479508415e-01
9.469515882926091699e-01
-2.557631250129015488e-01
8.089825049014498504e-01
3.317800080643746874e-01
-1.783440144351762791e-01
6.887478891061182829e-01
2.214317946228190337e-01
1.796720114260336176e-02
5.057795738222572446e-01
1.828670986459092485e-01
-9.915514722013687443e-01
8.221857485643080388e-01
-5.565723871118318788e-01
-6.073719052659096729e-01
9.542207046268973425e-01
6.155005845337255949e-02
-7.095481321744764314e-01
-1.981777862574715110e-01
-6.717142630295873662e-01
-1.575739235787209924e-01
6.935664728595219986e-01
1.376130060817764011e-01
-2.124648626488465641e-01
5.836889178357071439e-02
-2.693602967893382050e-01
4.525865647603513064e-01
-5.930352101482632143e-01
-6.008963595054270801e-01
6.408913191710521318e-01
-1.748510008674580285e-01
-1.503479699905219680e-01
-9.669608810775557339e-01
3.707054751593037434e-01
-3.947941942445405417e-01
-9.778268627966681947e-01
-1.749724125546652242e-01
7.455030223534695466e-01
-5.061186881795176618e-02
3.300472580260214173e-01
5.568198234650753031e-01
3.899039004994499513e-01
8.759970471066454989e-01
-3.250613331462675615e-01
-9.936328421215933071e-01
9.830671998921471089e-02
6.050146614733804551e-01
5.316584591451420927e-01
-4.784318337259099163e-01
9.327147925472312195e-01
1.405416092631965042e-01
1.423609649603496674e-01
-1.818710264240614161e-01
-3.210614261261184321e-01
-9.568902376330559179e-01
-9.588967901754371637e-01
9.542049965326385164e-03
3.981088174575072580e-01
-8.317254520353236646e-01
2.817863277642757014e-02
6.625288526281127854e-01
-2.388235171303729754e-01
-8.662001076382268572e-01
1.180599002289886151e-01
-5.113791566609009465e-01
9.934393058115592590e-01
1.147496583204606763e-01
5.988810803166556562e-01
6.769773983732604306e-01
4.039457590589119462e-01
-8.569813207223653251e-02
-6.849593390014142580e-01
-1.370393036338345416e-01
3.808020137165324948e-01
-8.535131084281454283e-01
1.531313786901648544e-01
-2.951544377093461291e-01
-5.514532513306160677e-01
6.102157461677235606e-01
6.664496942136169944e-01
3.157123499281518919e-01
-7.947297029378792566e-01
6.558635880081553626e-01
-6.774256268379370560e-01
4.843410560889391259e-01
9.189777584594320814e-01
-7.277532061628870785e-01
-9.256535191495313120e-02
-5.575183199254267752e-01
-5.747940956093856579e-01
-1.448100794056790264e-01
4.302754332882505195e-01
-4.461321096040687939e-01
2.933836853863884542e-02
7.902976978271647468e-01
9.841541823991480920e-01
-1.809148976671126618e-01
-8.461858831925390678e-01
4.255592190307870837e-01
-4.222817157498282015e-02
-4.730817372520477182e-01
-5.420030488995538631e-01
5.941907947395741463e-01
-9.989054978285806241e-01
-7.631100593705955060e-01
4.280491380728274065e-01
-6.144455517867517536e-01
7.104227744386353294e-01
-9.649565326659853559e-01
-7.570524277640793276e-01
-2.745097229023149565e-01
6.767054647417688473e-01
-4.190412109023705645e-02
-8.831238430164460862e-01
-1.974679633297635739e-01
-1.227040661256446896e-01
-6.456866371988047026e-01
-1.610354617075384631e-01
4.122434138703301443e-01
-6.549443065995833591e-01
-5.679705282883349415e-01
5.295588338267982476e-01
-2.864018604919649214e-01
1.237870445765075766e-01
-9.768157710880054356e-01
-9.456985301817130152e-01
-4.981704394548839843e-01
5.394326649612197766e-01
-2.893171909466232816e-01
-5.043554705998710697e-01
-9.134344663777890228e-01
6.179838540688503690e-01
-2.418923712235364065e-01
-3.927634575647099280e-01
7.046948676266605593e-01
9.996993906565504462e-01
1.695823770036133937e-02
7.056999693906891302e-01
-6.676131082154210805e-01
8.584451172993748935e-01
2.936568115205609453e-01
8.460652461119408940e-01
-4.706443090033768928e-01
-5.881429329257670258e-02
8.647493558468686281e-01
-9.384330586409432851e-01
3.327852781540449056e-01
-4.567442188818866544e-01
-8.165386730953843042e-01
8.690467234469501090e-01
-5.756548415788236284e-01
1.141330565794954621e-01
3.444081430737879757e-01
9.693910687001516813e-01
-8.387340539146801444e-01
-8.567701201691027557e-02
-8.753329031483866318e-01
1.661417763962712013e-01
-2.566278592135965431e-01
5.747785539940695188e-01
-5.564017973747370505e-01
7.880051570713144660e-01
-9.987060214674804426e-01
7.566989518358782085e-01
7.119052211868341917e-01
-3.081267280127703012e-01
-8.818780547401274816e-01
-4.386860199536068983e-02
-2.964035310197418172e-01
5.174236583330224515e-02
-2.450942906864448378e-01
8.349957558451350792e-01
8.540906910606507196e-01
2.762347638618356527e-01
6.209019446361079275e-01
8.636076982730829521e-02
