-7.061100299827532956e-01
-7.692856865092239094e-01
-6.428701228252897693e-03
-2.049532244853276841e-01
1.304366095993818031e-01
-1.000000000000000000e+00
4.658097924430333880e-01
5.747788542557518143e-01
-1.000000000000000000e+00
-1.000000000000000000e+00
5.145838690457449349e-01
-1.000000000000000000e+00
-7.488227074262232552e-01
1.788221891878319370e-02
7.172388019931295045e-01
-1.000000000000000000e+00
-1.000000000000000000e+00
9.387701764828557671e-01
1.055581459301281055e-01
1.000000000000000000e+00
-1.000000000000000000e+00
-1.000000000000000000e+00
-7.166459864149535841e-01
-2.184027474703117422e-01
5.448583837885111469e-01
-1.482859062687771901e-01
-2.558702531498566746e-01
1.000000000000000000e+00
-4.871753215766234935e-02
8.108925870430628846e-01
-1.000000000000000000e+00
-2.279126271448237429e-01
-9.837977695961871438e-01
6.107866261671306418e-01
1.000000000000000000e+00
-8.567746489761234319e-01
-6.441115516362009297e-01
-1.505208753856583925e-01
9.998259483538302073e-01
7.454192861440209761e-01
9.490975633633473851e-01
1.557664711258866241e-01
-9.009507574291373277e-01
-5.727378324113312491e-01
-1.000000000000000000e+00
1.632846761530342139e-01
8.776210920707540053e-01
7.738900510871815630e-02
9.475780916068714532e-01
-2.837035637628650964e-01
-5.841688053593068197e-01
-5.473326320562337255e-01
-5.305727750549589228e-01
7.927036723692739706e-01
-1.000000000000000000e+00
-3.612482167937403621e-01
1.000000000000000000e+00
3.097577712012729023e-01
1.000000000000000000e+00
2.215845324879942013e-01
5.760854437552722640e-01
-7.376660058099326900e-02
3.081283656934179493e-01
3.204880142029560841e-01
-1.768837459448652227e-02
1.000000000000000000e+00
-7.314041425212700620e-01
7.839824948003897009e-02
-7.561906946259653317e-01
6.020817572912524618e-01
-1.000000000000000000e+00
-2.286631544499662105e-02
1.000000000000000000e+00
-1.000000000000000000e+00
-4.472350936616980022e-01
1.191144380653564872e-01
4.847565780969996796e-01
9.276029104789336177e-01
-1.000000000000000000e+00
-1.000000000000000000e+00
1.000000000000000000e+00
-1.000000000000000000e+00
-7.579423489181684806e-03
-1.000000000000000000e+00
-6.707298374782671990e-01
-7.822956053845225854e-01
1.000000000000000000e+00
-9.276081764515233807e-01
1.000000000000000000e+00
-1.678328972425466858e-01
1.000000000000000000e+00
-1.000000000000000000e+00
1.000000000000000000e+00
4.885491636165500973e-02
1.000000000000000000e+00
7.044657487239962546e-01
-3.726351674974561767e-01
1.000000000000000000e+00
-3.362908428486637291e-01
-6.526786003419570159e-01
-8.455845554779701789e-01
1.000000000000000000e+00
-9.951496312929276611e-01
-1.000000000000000000e+00
5.022255598624549844e-01
2.583278993450488503e-02
-1.000000000000000000e+00
-1.000000000000000000e+00
-9.525160859289453219e-01
-1.000000000000000000e+00
-1.000000000000000000e+00
1.000000000000000000e+00
-4.661372537621477630e-01
2.789170040975947895e-01
4.130007458784328844e-01
3.699294770846487390e-01
1.943900293552237590e-01
-1.000000000000000000e+00
8.116105559972935923e-01
4.719953644436844509e-01
-1.401594582973630931e-02
-3.383077000130374490e-01
6.244209310666595236e-01
2.472793818598657545e-01
-9.625024583011723145e-01
1.000000000000000000e+00
9.447776834651024913e-01
-1.000000000000000000e+00
-7.115147132254038276e-01
-1.205263736221297566e-01
-1.057754929872232186e-01
-1.000000000000000000e+00
-1.000000000000000000e+00
-5.809400136333722209e-01
-5.696007289934017503e-01
-8.863414375742453277e-01
-1.000000000000000000e+00
6.285073656682651499e-01
-1.000000000000000000e+00
-1.000000000000000000e+00
-1.000000000000000000e+00
3.248451151217079946e-02
-1.000000000000000000e+00
-6.444459515129690175e-01
-4.228026080918678709e-02
7.148089062959249729e-01
-1.000000000000000000e+00
-7.200344872582460365e-01
-1.000000000000000000e+00
6.702013430984773423e-01
9.069963101906366454e-01
-9.883907637688558179e-01
9.232955853596487295e-01
-3.038342836497059940e-01
6.055313963727257942e-01
3.404562154111597794e-01
1.000000000000000000e+00
4.278083285213045706e-01
-1.788299686645611342e-01
6.807762081784948238e-01
1.373781052591632745e-01
-7.623024776112014012e-02
-1.340671557495402844e-01
5.139607899669025315e-01
1.672312571113525603e-01
-7.661922073004876488e-01
6.668154591790964592e-01
-7.620764311434206073e-01
-6.059102063977515051e-01
4.269746751728916712e-01
-5.917180039171821004e-01
3.863163182680218188e-01
1.000000000000000000e+00
-9.491203616826026090e-01
5.138418237817753143e-02
8.558285113318785386e-01
9.771559205963481487e-01
-1.615496015960653231e-01
-7.920583072561960813e-01
-6.279573607771644639e-01
1.000000000000000000e+00
-4.460946044023837986e-01
7.201581445948251892e-01
-1.000000000000000000e+00
1.000000000000000000e+00
-4.387392729023403826e-01
-7.573980031649144573e-01
1.871126410955981090e-01
8.301641645185342533e-02
-8.052893406313682556e-01
1.000000000000000000e+00
-9.267695956299539795e-01
1.000000000000000000e+00
5.688651357449294732e-01
3.133911513532177118e-01
4.911206711681744830e-01
-4.582407417831038665e-01
-6.410549313987956577e-02
-8.717634627313763929e-01
1.000000000000000000e+00
-6.983727987967371931e-01
3.051717536828890687e-01
-3.450604060125872508e-02
-1.617362087222265210e-01
-1.060350244525702645e-01
2.469679843667595964e-01
1.000000000000000000e+00
4.271563009029683000e-01
1.000000000000000000e+00
5.796407736711473024e-02
-4.225992946818193374e-01
2.616998109358237290e-01
2.791646209500807108e-01
1.123675175212338895e-01
3.701318218091875778e-01
-4.644377711233627637e-01
-8.361872398306335885e-01
1.000000000000000000e+00
-7.178388336972382211e-01
-1.000000000000000000e+00
3.801437537331477934e-01
1.000000000000000000e+00
-2.703559213847647191e-01
3.814903427958287185e-01
-1.151912284201277031e-01
1.000000000000000000e+00
5.767590744522621549e-01
1.000000000000000000e+00
-1.000000000000000000e+00
-1.000000000000000000e+00
8.927907756050166288e-01
-1.000000000000000000e+00
1.000000000000000000e+00
3.063314825117630091e-01
-9.212105716626617369e-01
-4.168371214028632199e-01
-5.016070704927684532e-02
-4.664557229810523675e-01
-1.000000000000000000e+00
-1.000000000000000000e+00
-7.870046307806157770e-01
-1.000000000000000000e+00
-1.000000000000000000e+00
8.853226807667631260e-01
6.275717029770266908e-01
-7.782485080077804207e-02
4.274736816157791996e-01
2.538953926946915240e-01
5.834604562264346095e-01
6.136611664625890583e-01
1.000000000000000000e+00
1.708898017839002303e-01
8.989439441406144038e-02
1.000000000000000000e+00
1.000000000000000000e+00
6.565020918435831021e-01
1.000000000000000000e+00
-3.248698129900957632e-01
-4.450853208434778496e-01
1.485691945934997094e-02
-1.708080057368894372e-02
1.000000000000000000e+00
8.963400948151172276e-01
1.000000000000000000e+00
-3.564243189251682931e-01
