-4.486897177817761873e-01
4.107229011382470540e-01
-5.565356229874272032e-01
8.482038637156641414e-02
4.040393039598650926e-01
5.528705680811349943e-01
-7.502277704520503576e-01
-4.393875943839581355e-02
8.001357102705829449e-01
8.475273861034086087e-01
6.461309423474502767e-01
8.554424962200932736e-01
9.559557413977346485e-01
-1.604990167558715264e-01
-4.644294876943964034e-01
-9.231483290381760076e-01
8.326350172412397832e-01
2.972287100385206937e-01
-7.131838854974378306e-01
-1.977425063029176200e-01
1.767555247562033194e-01
3.685010490155844476e-01
-1.782249003996424497e-01
4.575226333206159346e-01
8.114995980005932363e-01
8.778678877670738068e-01
4.086319764343848138e-01
-7.443396616254842613e-01
-9.711655002902397360e-01
1.224706653820202967e-01
-1.993380636197978339e-01
2.071101372367136761e-01
8.085827249318882082e-01
6.188693666460861609e-01
-9.178129451497059055e-01
-1.858149448207682131e-01
1.477246598978552705e-01
5.300858589270518451e-01
-5.655916348326319731e-01
8.443940429378075097e-01
1.819956623853409561e-02
1.243021198306866748e-01
9.668883137197876732e-01
1.969097394878888130e-01
-6.195255039923669438e-01
4.866949373504226850e-01
2.213250414752979400e-01
5.911857710942907129e-01
-9.943404230675663147e-01
-7.586400317161945406e-01
1.447370555403261205e-01
-1.640722378108037116e-01
5.221961333038910302e-01
-7.802523410772044254e-01
4.833357329579561767e-01
-7.714411335493494004e-01
-5.479635221311021098e-01
-9.537030047311889636e-01
-5.543022180041151659e-01
-7.864964575951014503e-01
-9.983577140679102957e-01
-3.732717696445733147e-01
7.717523991551598073e-01
7.098092019329894642e-01
6.071985045528403846e-02
1.794782230271139145e-01
8.885981389402962671e-01
-3.697314122017579252e-01
8.446722041142863402e-01
-5.912986586317751092e-01
3.253344440956351669e-02
-2.469637812501425111e-01
-9.836841325939873482e-01
4.003252549278556172e-02
-6.079462141734832681e-01
3.971906251292948165e-01
2.608302274783321217e-01
6.176579399191950426e-01
-8.029897407759383210e-01
-2.160082924535532412e-01
1.763697344899960162e-01
8.789875368118792442e-01
6.098466229702161900e-01
8.639492867327253078e-01
-4.600359280861139322e-01
8.154624270389131402e-01
5.551932427698507144e-01
1.618495806752893729e-01
-9.591054805136434158e-01
-3.414632077161573465e-01
9.006803894819673806e-01
2.396684602194980029e-01
-5.632009903671104656e-01
1.974625210951966858e-01
1.104742355633724360e-01
-4.003480481921077860e-01
-3.779607693824024173e-01
-1.872158336151659996e-01
9.362675304842774660e-01
-8.858014742174863398e-02
-9.998274284963933889e-01
-7.478791844146839285e-01
-4.309573308625024302e-01
4.582563089634358322e-01
2.393444977432351850e-02
-9.047711332558259212e-01
-1.452203549823061768e-01
-5.972731159685670255e-01
-8.907440800865725761e-01
-8.862064531189589589e-01
-7.659355665661357060e-01
-5.953498562756728285e-01
-7.459091052413895362e-01
-1.202357128807567122e-01
-2.106821015027686705e-01
4.870960190515385979e-02
4.680965624009018056e-01
4.930733781116688474e-01
-9.441836989966813087e-01
-7.012745633176190596e-01
7.693066950013327521e-01
1.946122730675413359e-01
1.383318727088122535e-01
-4.723529557635718357e-01
-1.084073498804810631e-02
-5.437441489665585381e-01
6.119470728032994078e-01
3.504633234717625667e-01
-4.109206522020563135e-01
-5.376627279792861591e-02
1.740243205315898933e-01
1.630076449664308869e-01
-6.071945066601469598e-01
4.446300506324656343e-01
4.443770351571935118e-01
5.499619865914301409e-01
-3.101099344216367015e-01
-4.358007581246255840e-02
8.841055483982376284e-01
7.271435924501201686e-01
-2.962224433947504565e-01
9.555242728715495071e-01
-1.876932903455104107e-01
1.862680193560722619e-01
-2.634918926595681277e-01
-1.213872882688951660e-01
1.921554778153283793e-01
-6.268485505662044766e-01
9.828618731337706027e-01
6.539094667029465846e-02
7.612470243742480713e-02
3.873732327574789247e-01
4.020009206109511624e-01
-8.330174839576498513e-02
9.912746557438214534e-01
-2.707936525343176415e-01
-9.712518803824859992e-01
8.563957500988002014e-01
6.046254264968726755e-01
8.308635215697789400e-01
4.130561512412285197e-01
6.607327818550217113e-01
-4.660107055376004337e-01
-7.141444286644094142e-01
3.110200097628572635e-01
4.349107950101389064e-01
-1.196834546143719646e-01
-4.834235005968512411e-01
-7.753499680523656679e-02
-4.406934536399904068e-01
-5.050495689141902833e-01
3.279690933855773372e-01
8.139118749787570550e-01
2.960929510189627689e-01
5.427056855347591746e-01
-6.079870506955510345e-01
2.336194889739210967e-01
-9.885064169726938132e-01
7.436080145799993657e-01
4.768248421545468463e-01
7.053697900469724225e-01
-6.868796506509378119e-01
-9.591132063205499714e-01
6.786367884456920851e-01
7.598978054997733711e-01
9.945329129920521538e-01
5.121562360453462137e-01
-3.771913932275451908e-01
-2.145830280881610985e-01
-5.465978810962184298e-01
-2.531100518836340574e-01
-3.250110356424852354e-01
-9.359725354044980961e-01
-4.649669721494648078e-01
3.952311571484446451e-01
7.078522612236992639e-01
5.284490193143449588e-01
-9.076246124848673658e-01
3.298955139415975513e-01
-9.692835618777667639e-01
3.790448587100303524e-01
-4.276874329900871574e-01
2.175471727579525449e-02
2.262675712577348897e-01
-9.758199441045485312e-01
-7.696837059228016642e-01
7.652846467632606897e-02
-6.944564762215572618e-01
-4.254985753496115519e-01
9.973273333883452274e-01
-5.286402275850233812e-01
-3.758362650239223668e-01
1.653483935703775887e-01
7.014790324403898936e-01
2.849966447297236360e-01
6.323132580408823422e-01
-2.904772814508842504e-01
9.783932127343218932e-01
4.807914388615189827e-01
-1.506284232253624067e-02
-7.736540188961411602e-01
9.322426013097648845e-01
-3.065251986657979710e-01
-4.757934674322858437e-02
1.994154768495537411e-02
6.736465496999329838e-01
-8.818987735594853161e-01
9.959108429815313190e-01
7.605094273180745823e-01
-2.260327666918654499e-01
-2.068054648166370857e-01
-8.737488131869950436e-01
-2.743322319393122211e-01
-4.829924404100245372e-01
-3.375183856425290063e-01
-2.771710273718954731e-01
-2.849864670590001037e-01
4.795518843183054214e-01
-4.932536024825190379e-01
6.470266663106374327e-01
-9.872410744038749852e-01
6.394404254317751501e-01
-5.202134418539492433e-01
-2.439248575368913596e-01
-8.467229695480820162e-01
-4.620475018610548101e-01
7.270680404233631489e-01
5.164413620175409836e-01
5.206522610818696828e-01
1.930374405332662135e-01
8.781887686696356887e-01
1.113619734919841786e-01
-3.724465657555625642e-02
-8.068360356386374832e-01
-2.440501687115995688e-01
2.052341537012197792e-02
-4.908177636188963966e-01
-1.820543242221190350e-01
-3.536505751025691424e-01
-8.712629179778951238e-01
1.702104386652179835e-02
-6.543717669552904237e-01
4.321990100742446883e-02
-6.219600744107095860e-03
-9.636327570531595388e-01
