7.541946286517171583e-01
3.368427208988313271e-01
2.537631141033235282e-01
-3.528947800832249460e-01
8.667109385497429042e-01
-2.473610050203274846e-01
-3.760254873183717095e-01
9.170968286429546090e-01
3.663272128755208357e-01
8.147123131486224690e-01
-5.179056196661800948e-01
2.893265515831001111e-01
7.577144597543126192e-01
7.763504656667824522e-01
8.159901990548990014e-02
-3.516909566597142822e-01
4.521806749638115352e-01
1.122787168717291895e-01
9.228383817599717931e-01
-7.041782332476403949e-01
5.590361504319439900e-01
1.453519770530095623e-01
7.015665577167146116e-01
-4.472875147445669608e-01
3.313835985133097850e-01
-4.968659002026803995e-01
-7.430834390000413681e-01
6.142191219941152136e-01
-8.020130754082186453e-01
7.237591897926221041e-03
1.254250072288795870e-01
6.076980653151560219e-01
-2.068718140819111873e-01
4.108905855527694717e-02
8.377547752081554444e-01
2.107774356893034606e-01
4.884368060391098831e-01
9.299979446590102006e-01
-1.226138234305435282e-01
-9.076450847831990520e-01
5.787069271853081953e-02
-2.543277032128562487e-01
7.556548605611501657e-01
-9.481043401459976483e-02
5.761606831767154269e-01
5.456070997040212145e-01
5.364230869706727856e-02
-7.868111545651614858e-01
9.967218502436000493e-01
2.995233349373479514e-01
-2.779455415661196138e-01
-8.755542758371219758e-01
5.300694046759893419e-02
9.878563335955139468e-01
9.630998772478811532e-01
-5.847436488635665564e-01
-8.595061834849677673e-01
-6.226373487855620947e-01
8.430837758442710772e-01
-6.051565353346057829e-01
5.298155375140719547e-01
9.474373440320479345e-01
-9.037718250804469555e-01
-1.267907178436312732e-01
3.631863291218897505e-01
-1.056357779276908410e-02
-9.334546973223994959e-01
-5.987563690577188957e-01
1.049858164855294873e-01
-4.212380403833488884e-01
-1.413669796092618114e-01
4.374390415020916745e-01
4.849233361526428254e-02
5.992768864673105877e-01
-1.099761751720879782e-01
-1.072362300511566502e-01
9.563311335101374322e-01
4.900879891725880011e-01
5.254854738037084694e-02
2.246501268779111105e-01
-8.140515402101373699e-01
9.875579071508687745e-01
-4.164478247029557156e-01
5.403911141784960570e-01
-5.261956172125994424e-01
-3.886304321334628220e-01
-5.463822630683612402e-02
5.597595052221659984e-02
-7.205408341083241464e-01
5.259543887268746110e-01
9.682031226586663708e-01
5.950223230829850829e-01
-3.840273802588915764e-02
6.806126559187607450e-01
3.093159320330587936e-01
6.618292527609723752e-01
-4.107802673536024018e-01
-7.853949316781829726e-01
2.199952535352728278e-01
6.828121696814168917e-01
9.072991148326521316e-01
7.171584749348829391e-01
-8.068283078637178418e-01
8.162034206227489208e-02
-4.043886457075705487e-01
-8.289269838770687571e-01
8.390466183772204989e-01
-3.524141614373215714e-01
-1.523274530374801872e-02
-8.639776328323925947e-01
-4.038195346184538792e-01
-7.785121796563928553e-01
6.678812974400099023e-01
-8.439943482101599503e-01
2.614349023016661056e-01
-7.914280820351851098e-01
9.344501824716021643e-01
5.698770181928356493e-01
5.377044832441869593e-01
-8.779411268607069108e-01
-8.474544539615289640e-01
4.796305430285938698e-01
-9.871015784742712684e-01
-1.255676992468091058e-02
-4.065909358794492778e-01
-3.773354549232803556e-01
5.546286966582755218e-01
-1.746762161282832682e-01
-9.487497261717580121e-01
3.322980414738034849e-01
6.217507722347270782e-01
3.335860761517399631e-01
5.401613191001145564e-01
6.678742750091859470e-02
-6.036188967519267035e-01
-8.306392280327044020e-01
-9.111208919592655997e-01
-5.788749135875820295e-01
4.816953878375349607e-01
6.655915460690526864e-01
3.169470729378891516e-01
5.692105511761054171e-01
4.401652964689748426e-01
7.621333873633097111e-01
-9.071214051203690953e-01
-6.708203961894962930e-01
-2.024131484103991463e-03
-6.702877626705051606e-01
3.736330396839688817e-01
2.645366188090183535e-01
-2.531308320345201368e-01
9.412874641598120151e-01
-9.523149304097267009e-01
-2.351539347451819806e-01
-2.481155626880415244e-01
1.934460276677188173e-01
-4.670423451146239469e-01
-1.663144531560749595e-01
-4.462751696214513619e-01
-2.781404375754894520e-01
-3.267341121232761325e-01
9.511198472884289101e-01
-9.210794429584376886e-01
6.155769582356840353e-01
-7.658499310578130714e-01
-6.506699366092973946e-01
-4.016675494150556691e-01
-8.899983448415361709e-01
-7.596878487274639769e-01
4.973320883653415958e-01
8.872576574310726549e-01
-9.524531864429540695e-01
6.587224970722000972e-01
1.106939747300700883e-01
6.222864465423521008e-01
-3.804798122319767995e-01
3.389031060195069056e-02
-2.642128400537999688e-01
-7.288404302222692976e-01
-7.616487557080271475e-01
8.193543032906693835e-01
-2.126565445636525720e-01
1.602498190922289623e-01
3.811032572146935138e-01
2.650795185940960641e-01
-1.666806767384009513e-01
4.826820784249530316e-01
-8.280696133897067490e-01
2.025646767284930982e-01
-8.273898709296176879e-01
-5.694825253519418817e-01
-3.655389280933264429e-01
4.520027959118195215e-01
-6.086175022025981374e-01
5.832652643374780510e-01
-9.084561279425210634e-01
-9.352584917271644649e-02
-3.585139312996528105e-01
-1.726787305970201025e-02
3.907785919984281819e-01
-4.395920193770946893e-01
-3.551824880268737994e-01
-3.072843530996203221e-01
-1.421194697131298312e-01
-7.404554151478398571e-01
6.523178541007590425e-01
4.101173658594560179e-01
3.496932264310243510e-01
-5.959351852320726728e-01
-3.434220372757686990e-01
6.211953876941955777e-01
-2.563607748247803686e-01
-5.747014625223664241e-01
8.920951483516861291e-01
6.825114685637810874e-01
-2.977482596115455515e-01
-3.864928076070306417e-02
9.460362532383963519e-01
-5.997917734517077548e-01
-8.324943583149679860e-01
-9.711687218887855577e-01
-5.835230666796724641e-01
-6.129750111444807192e-01
-7.952280352369411887e-02
-4.865359683014631731e-01
7.816693753086489949e-01
-7.134876360575190812e-01
7.787294778255136052e-01
5.982097646878340447e-01
-6.516271462880124377e-01
-5.625383813922193443e-01
9.989871007039253792e-01
-6.202899978996197911e-02
8.250683917675747381e-01
8.196519625700552369e-01
-1.773891464568793930e-01
1.206660234150291888e-01
9.821092447297753436e-01
4.264427182722747567e-01
2.177281182619620059e-01
-5.191838394574160853e-01
-5.938262238750074973e-01
-8.589982941166829367e-02
8.806667031784913835e-01
2.997874865373122422e-01
5.916497325917421390e-01
1.830227682519864896e-01
-2.019998672385581173e-02
-3.228175641802686346e-01
-9.937887430861447324e-02
-8.508637383708199664e-01
-2.697911510120365453e-01
-4.299961966781087330e-01
-9.400659865030646101e-01
-6.630301200671525619e-01
-2.805971373833645033e-01
-7.614065589283652846e-01
8.641922749499342249e-01
9.359423012163616828e-01
1.349794036898007699e-01
-3.306356379597243933e-01
9.179415680707867509e-01
5.396901548770547397e-01
8.823070727561077575e-01
-7.516146049178866750e-01
